6174677463746363
7467676774617461
7463616367746161
6767616363676763
6167616361616161
7467617467616363
6161637461617467
6161746161746367
6761676363746161
6363636167636361
6174746374616161
6163677467676767
7474676367636761
7467676761746767
6163676361676374
6367616174676761
6163616367747474
6161676374746361
6774746167746161
7463746361676367
6763636367746763
7461616774747474
7467636374676363
6774676361676161
6174616774747467
7463616163617461
7474616763746361
6367616374636163
7461616163746763
6367676761636161
6161747461636374
7461616167636774
6374636761636374
7474617463677463
6163746763636367
6374617461616361
6361746363616161
6161676774676167
6167746174637474
6761677474676761
6374616361636761
6774747467636774
6767676374676774
6767616774677463
6367746367746361
7461677463637467
6763746374676174
6374676167746761
6761636761746367
6363676174636374
6163676174676767
6763676374746774
6163746767616767
6761616167746767
7467746361676163
6163676761616167
7474746767616767
7463616367616161
6374616167636367
6761677474616161
7474747474616367
6367616163746763
6374616761746761
7467636174746374
6767747463636761
6161637467616774
6174636363616374
6174746363616763
6161636174617463
6761636161637474
7463636761676161
7461676763746763
6763676761636367
7467676763677467
6167616361746367
7463676367746363
6174637463636161
6763676167616163
6161676763636361
6367746367636761
7461616174677463
6763637474636163
6163636774636363
6374746161636363
6367616174676161
7463676174637474
7474636363637463
6167616161637467
6161616161616167
6763676174746763
7467676363637467
6163616367676174
6167747467747461
6174636761746167
6163636361677474
7467636774637467
6167676774617461
6363676161746163
6774616761636167
6774676763747474
6763746363677463
6367676161746363
6767746374747467
7467617467616174
7463616361676161
6163746163636167
6774676763636167
6374616363616774
7461636774616367
6174747467747467
7474616367747463
6161676774746167
6774747467677474
6161636174746363
7467747463746174
6763677467677461
6167617461616161
6761616774636774
6767747474637463
6767677467617467
6167746761617474
6363636163676163
6363746174636161
7461616763616161
6374676774636161
7461616161616767
7463746374746761
7474676767747461
7467637461746174
6767746363616767
6761636363746761
6163616774616167
6363746374746761
7474677463616374
6361746174637467
6163636767676163
7474616774746174
7474676774636161
6761746167636361
6161616363746763
7467746167617467
6774676163676167
6174746374617463
6363677461677461
6167677463637474
6161616363676363
6367746161636763
6363636361616374
6763746161746363
6361746367637461
7474746763746763
7463636363676774
7474616163746174
6374746774637467
7461746363676767
7467637474676361
6367746163746161
6767616361616174
6361636774676363
6774637463677461
7474746361676167
6174746367676361
6761746163746161
6763636363617463
6361636363676367
7463637474616761
6367677463616763
6361747467616767
6367746363636161
6761746363636167
6763746367616163
6361636167676361
6163616174616763
6167746161617474
6761746763677461
7474677474676374
7463746374676767
6163616767617463
6767746367676767
6761747461617467
6367616163637474
7461617463676374
7474637463746767
7474676763636161
6163636363636374
6774616163636763
6367617467617463
6363637474676167
6163636163636761
7461616361676774
7474676374746363
7463746367617461
7461616174616374
6174677463746761
6767746163636361
6774616167636774
6774616767676161
7467616174676767
6763677463616163
6763636167616774
7474616361616763
6367676363617461
6174616163747474
6774676761677474
7463746367636374
6774747463636763
6174747467746361
7463676174636174
6367676374636374
6763636374746774
6167636367746367
7463616167616161
6363676163746763
6167636763676774
7474746367636361
7461636161636761
7463746774676761
6374637463617463
7461746163616761
6363747463747461
6374636767676761
6163746763676774
6774616374636374
7474676163676363
6174617463616174
6167676361746161
6374746361676363
7467677463746367
6161676167616167
6363616767676761
7474617461746767
6761616367746374
6363637463637467
6363616361676163
6763636361747463
6163636767746761
6163746761636161
7461636161676163
7474747474616763
7474746163617461
6374636374676367
7474636763616761
6167676174617467
7474617474677463
6367677467616774
6774677467676167
6767636367636163
6763636367676174
6763637467616174
6374746361637461
6367616774636163
6367636761616367
7461746167636761
6374676361637467
6161746763616363
7463617467746761
6763676367746174
6367616367746761
6361636767746174
6363747461676763
7463676761676361
6361617463636761
6163636767747467
7474616163676174
6163747463746363
6174746761676774
6174636163617474
7461677463616174
6363746761636763
7474677461636361
7461616363637467
6774676761616163
6374616363676767
6374676761636763
7463747467616374
6767616363636161
6767746763637463
6763676363617474
6374616374676161
6161676763616767
6774637467636774
6163676174747467
7461676767677463
6361747463746361
6167677463676367
6374636374677467
6174746363746774
7461746763746174
6374636763746163
7463617463617467
6363677463746763
6174616174617474
6163616363636367
6763636763636763
7461636374636361
6774616763746767
6763636761616374
6761636167676363
6763616763637461
6363636763746161
6767616374616361
6763746761676374
6163676167616767
7467746774676361
7474637467747467
6767676367617461
6763616163617467
6761617474616763
7474616363617461
6763746763746367
6361617474676763
6774746161747463
7467676763616361
6763746767636761
6767616361677467
7474677474617467
7467616174616367
7463746163636763
6174616367637463
6767746167616361
6163746761616361
6363746363637474
6774616767746767
6163616374746161
6361636363616167
7463677461746767
6363616774747474
6774637474617463
6174636763677463
6167676361746774
7461636374636174
6374616363676163
6361746761676167
6174616767636761
6367746174636361
6163746367617461
6161617474636174
6761616774616374
6174676363636374
7467746167636161
6774677461746774
6174676767746367
6767636763616161
6363746363677467
6174676761636774
6763676361677467
6367676761637463
7461676363616761
6167616361676363
6361636163676767
6374676767636763
6361616774636167
7461746161616167
6774617463677467
6767676374747467
7463616161636167
6361746761636163
6363676367746363
7474676167636767
6374636161616363
6767616174636763
7467616167616174
6161747461746767
6374616361676774
6174636161616774
6761616163676763
6767677467616361
6167746761616167
6367676161746167
6363676761616363
7461637461616163
7474636361676363
7467617461746767
7467676774636363
7461746163636167
6767636761636161
6163746161746163
6163616361636767
6174746767617463
6163746167747461
6361676363676374
7467677474636167
6167636361676361
7467636774636374
6767616161676163
6774746763676774
6774636161677463
7461616174636363
6367747467676363
6174746767747474
6174616163746774
6761636367616163
6774676161636174
6163616761746767
6363617474677467
6774676163617463
6167636763636363
6174616761636163
6774616761746363
7474616363636774
6161746767637474
7467676361637463
6363636763676763
6363676761616361
6161636774617467
6361636774676763
6174747461676763
6767617463746163
6363616763676174
6767636374746761
6774636174616167
6761636367746367
6367746167676163
6167616374676361
7467616367747463
6767616161747463
6361676163636163
6763746161746374
6361616163637474
6361636161676361
6763676774746161
7463636161636367
6167617463617461
7463747461636167
7474746761636367
7463617463616767
6763676363676774
6774747474747461
6167746174676174
6363746763636767
6374676763676767
6363616367746774
6763636767616363
6774676163676174
7474616767746363
6161747467677474
6761616367616367
6167677461636174
6367616767746763
6374637467676767
6767676774636767
7467747463616774
6363616767746361
6374677461616363
6361676174637467
6167636774676367
6374746767636763
6174676174616767
6174616767746167
6161746774747467
7461746374746361
6767746767636167
7467676761746761
6367636761616774
6763676761746167
7463746161636167
6374746763617461
6761617474617474
6367636363676167
6167636367746163
6374616374637463
6163636161676163
7467747467676767
6774637467676763
6163636367746363
7467616367616761
6363636361747461
7474616767746161
7461616174746374
7463677463636174
6163746174747463
6761636167637461
6161616167617461
6163636763637474
7463636163676363
6767676374616361
6167676363676167
6774676363676361
6161636361636774
6161676763637474
6367637461636761
6174636767746361
6363636163616167
7474616763747474
6167636761747474
7474617467616761
7461616363676367
6363677463676367
7461746163676363
6367636361636374
6361616363637463
6163677461676767
6374677474676763
7474636363616367
6163636367746767
6774746161676767
7474616167747474
6363636761746763
7463616161746163
7474746774636163
6763616774636363
6763616163616374
7461676363636161
6367616174637461
6761746361676763
6361676174676763
6767746367677474
6161676363746363
6163677467677474
7463617467676767
6374636761616367
6761636774637461
6161637463636161
6163676767746774
7463676167676763
6774746161676761
6763616374746163
7474676367637467
6374637461746361
6161676763616174
6361617474676163
6174636763616363
7467676161746161
6761676163636361
6163636361636174
6367637461746163
6167636361746174
6767616374747474
6163617461676761
6161746367677467
6374677461617461
6767676761676374
7467636163677474
6767676374616774
6167636167616363
6361616763637463
6774747467676363
6367636367636161
7474677461746767
6763637463616361
6763746363616763
7463616761677474
7467746374746361
6374636367746367
6167616167636167
7467746167676774
7474746167746774
6367636367616774
6761616161746361
6374676774636367
6363746163616163
6167746174746163
6761616763746361
6161746163616361
7463746363636767
6167637463676374
7461677463616763
7467746363636761
6174636767617467
6767676167636761
6174636174746163
7463616167636161
6163637474676767
7461637474676763
6161676361616161
6761676774636363
6374676361636763
6174636774676161
6174636161617461
6161677474747461
6167677474677463
6174676374616363
6161676174676763
7474617474636774
6361676161616361
6161637463746161
6161616374616163
7461676161636161
6763676774637474
7461747461746361
6774616361746163
6174746774616363
7467636761676163
6361746367676163
6367677463677467
6374676363676367
6174746363746374
6167747467747474
6167617461676763
6763616161636361
6374746361636361
6767746363746761
6363636363636161
6767676161637467
6163747463746374
6763676767637474
6767676761746761
7463746167746163
6763746161747467
6774637467616761
6763636161636367
6767676174636374
7474746361616361
6167616761746361
6763746161746361
6167617463636367
6774746774636367
6761636163746174
6767746361746374
6361636367746767
6163746163616161
7467746163746374
6774636163746374
6767746761676163
6367616374676763
7474676367746361
6367676167677461
6361676774617461
6374616763746774
6367636163616163
6367676774747461
7461636163636363
6163616767636167
7474616174636761
6174676367636374
6174676363676767
6361616763676767
6767616367746363
6363636774636361
6774746161676161
6767746374616361
6161616361746167
6767636174746767
7461746761636367
6774637461636361
6363616367616774
7463746374616361
6367676367747467
6161636167676774
6163636767636167
6361616163636367
6774746363746774
7474677463616161
7461746163617461
6761677461746174
6774637461617467
6767677467616167
6374676163676163
6167636167676363
6161636367746174
7463747467676163
6767636363616163
6361636374617474
7474617461636767
6174746367746363
6161676361637463
7463637474746763
6363616774616774
6374616161617463
6367637474677461
6361676761677461
6774636763636774
6361636174617467
6767746767636174
6161637463747474
7463636367747467
7461746161636374
6174636174616763
7467747463636767
6767636174677463
6774676761636167
7474637461637474
6767746374636374
6174747467637463
7463637474746367
6361677467676361
6163676361637474
6174746763676167
6363676161746774
6161746167637463
6767616174746763
6167676161616774
6167616161676163
6367746374636763
6167636774636361
7474746763636163
6174676163676161
6374636774616161
6374676767616767
6167747474677467
6174617474636174
6774746361617474
6361676767746763
6763746363677467
6761616374616767
6774676761616774
6374636361636174
6763637461677461
6374637474677474
6774617467636167
6774676367746774
6774616163637467
6367637463616367
6374636174616774
6161617474616163
6174746361616163
6763746163617467
6163636763747463
7467636363636774
6374747467616361
6774746774637474
6167637467747474
6767676163616367
6367676761677474
6361746167616161
6161616367746763
6163636361746363
6167636374746367
6167676763676374
6767746174616167
7463636763746367
6361676363636161
6767616174637467
6774636774746167
6361676361637461
7467746174747474
6767676174746761
7467676161636374
6363746174616163
6174617474616763
6763636367636767
7474747461616161
6167746163676174
6763637467746367
6767746163616767
6763636367616774
7461746161637467
7474677467637463
6361746367617467
6363636363637467
6361676361676163
7463677463676363
6161616363617474
6374617474616767
7467746374617463
6374636361676367
6167747463636761
7474746174746363
6763616363676767
7474676767746167
6367677461747474
7463617467637463
6163677461746167
6174746361636174
7461746761636763
7467677467747467
6767617467616763
6174637463636761
6767616374637463
6167636167616767
6767746361677474
6361746374676363
6167617463636167
6374746774617474
6767616174676161
7474676174676174
6161616361677474
6374636163676767
7474616161676367
6361616767636774
6774746763676763
7461677461636161
6167676361677461
7467677463617467
6163616363676767
7463746363617467
6767616763617467
6174677463676763
6374676763637463
6163637467676363
6161636161676363
6374677474616774
7461636161636161
7463616374676767
6767746361746163
6374616167676774
6167637474636374
6761636167616161
6174746763747474
6161636361747463
6163637461617474
7467637461676161
6361617474616374
6363616361746167
7474616174617474
6363617474746374
6161676367747474
6361616763746374
6367747461616767
6374636374617474
6161616161676167
6761636367636761
6374746761746363
6174746361637461
6363677463617463
6763616174636774
6367637467636163
6367677463676367
6767636363637474
6163637467636167
6174616367616363
7461747461637474
6763746774746767
6361676161676374
6167616374636163
7461676767636361
6163746367676774
6174616161616761
7474677463746361
7467746161637461
7463747467676774
6161676374747474
7461746767676174
6767746161636761
6374677474746167
6163636774637474
6361677463677474
6763637474616363
6763617474746174
6774746161677467
6161636774616367
7467676774676767
6363636374636367
6167747474677474
6767746774676363
6161616774746163
6167746161616374
7474676763636761
6761746167636774
6167616361676774
7467617461746774
6763617467676174
7474676374676761
7463616774637461
7463746174746361
7474637463636361
6167746374616167
7467636763616367
7461676167617467
6363616374636163
6774617474616163
6161636167616174
6363676363746174
6374747461676774
7463636363637467
6774746167746367
6763747467616767
7467676163636361
6367616767617467
6167676174616763
7474747463636161
6374746774746161
6163636774677467
6174677474746767
6174636363616363
6363617461616163
6367637461746763
6163617467617474
6761746361746361
7474677474616363
6774746167676163
6763636174616363
6167746161747463
6767746367616161
6374616161616761
6161637474677467
7463636361676763
6763746774746774
7474636763746161
7467636163616763
6367677467746374
6163616767636761
6161636167676174
6167616367747474
6174616774637474
7463746174676161
6767616174637474
7467616767746761
7461616367676761
6763636363746774
6367676374676761
7474676763636774
7461616367636167
6163637463616163
6374676363746761
7467616367746374
6774616161677467
6367676367636363
7463636161636163
6367746163636761
7463746363616774
6374676767616161
7474677461746163
6161676163637474
6363616374676761
6163676367636767
7467637474637463
6761676367677461
6174676361676161
6374676774616167
6174746163637463
7474747467746363
6374636367636774
6374746361746161
6174676174636163
6367616163616767
7474677461616761
6161676761636361
6174746767746161
7474636763616163
6167676174636767
6767746367676363
7467676363617474
6167636774746761
6363616774616161
7467746174616161
6767616767677474
7467616761746167
6161747474636767
7461616761676363
6361616774676374
7463677461676774
6761616774746761
6774636763746367
6167636763637474
7461617467747474
6367636767616363
6161746367637467
7463636161637474
6167636774747461
6161746763746374
7463637463637474
6361746167636163
6174616767676167
7474676767637474
6374676761636367
7463636774637461
7474676161636761
6761636774617474
6174617467676374
7474677474746161
6363747467637467
6363676367636367
6361616767746763
7474746374676374
7474636161747467
6767637463747461
6763676374636174
7474616174616167
7461746163617474
7463637467676763
7474636361676163
6161676774677463
7461746361676363
7463746363747461
6174636763676367
6161676763677463
6174746363616367
7463677461747474
7463746361616774
6174746367617467
6763746367746763
6774677474676174
6161747461676367
6161616161747461
6763636761746361
6161636763677467
6361676363747474
6774746161616167
7461636761746374
6774636174617463
6774617463746774
6161676763616761
6767636161636367
6363677467616174
6767676163746761
6161676763677467
6363747461636763
6363746361676174
6374746161636163
6761616361676163
6774676363616161
6767617467676763
6767617463676361
7474746374616361
7463677474636367
6761616374636161
6374747474747467
6174636767616767
7463636367746763
6374676163677463
7461676363677474
6167746761676767
7461616161746767
6161676774636767
6363616763636363
6163746363636361
7461617461676361
6174746367617463
6174746774676361
6361746774637463
6174746774617463
6174746767637474
6761676774637463
6174746361616361
6374676774676174
6361676174746174
7463677461676167
7461616761676767
7461636363677463
7461746161636161
6367637467617474
6363746163616767
6167636767636763
6374636361676763
6361746761636361
7474676361747463
6363676163747461
7463676361747463
6374637467676763
7463676367746361
6161676163676167
6361616374677461
6161616361677467
6174747461617467
6767746167676361
7463746767617467
6774616361747474
7461636167637461
6167617461637463
6361746167616774
6761616174746361
6367616367617474
6163616361746761
7461636374746161
6167616767616363
7467636367746374
6374676361616774
7463636167676761
7474677474677463
7463637461746361
6774616161676774
6367636167617463
6374637463676763
6763616174616161
6374617461616163
6174746774636167
6367617461616767
7467746367677474
6167746374636761
6361676367746174
6761746367747461
6163676174617467
7474676361617463
6361676361637474
6361616163617474
7461677467636174
6761746363746363
6774747467616763
6174676367676174
7461746174746367
6774616761637461
7467617463616361
6363616767636763
7461636163637474
6361636174616774
6167617467616374
6761676167746361
6774616363676767
7467746363617474
6174677463676361
6761746174616774
6761747474636174
6174746763616763
6761746767616367
7474677467746367
6161746361616161
6763676363616367
6767616761616767
6374677463636767
6374747474616161
6761616763616174
7463746363746374
7463637474617461
6167616163677467
6167637474616367
6761616761747467
6774677467676367
6361746363637463
6774747474636367
6363747474677467
6167677463677463
7463746767676763
7461616163676774
6361617461616761
7474636363636763
7474676367617463
6161746374616367
6363676174677467
6763616763677474
6767746763636167
6367637461636367
6161677474636161
6761746361616761
6161746161616374
7467616761676167
7463617467746374
6161676767636767
7461677463616363
6161676363676761
6774616374676161
6767746167746761
6767746763746763
6167676361637463
6361636363677461
7461616161616374
7463676161676361
6374676174676761
6374637461676361
6174747461747474
7461616361676767
7461746174616761
6163616163616361
6167746174616374
7467747461676167
7467616367636161
6361676774677467
6161746763676174
6761676763676774
7463676167746774
6761636174636761
7474637461676767
6374616763617461
6767617474637463
6374636167746174
6774636363616763
6767637461747467
6774747474616761
6163676767617463
6774616363746774
6761676767616161
7467636763676161
7467676367637461
6163676767677467
7461616367616774
6774677463636163
6774616174746161
6161676767616367
6367746767747467
6167676161616363
7467747474747467
6763676767617474
7461616167616361
6763676367637463
6361616161617463
6774677474676761
6374746761746767
6361676363746167
6367746174747474
6161676763676161
6774746367616774
7463746767676161
6363676363676361
6361616361676167
6163616767747467
7461617461676761
6763677474676763
7463746361616163
6774677474746774
7474636167617461
6763637467616374
6163746361676367
6163636167636774
6367747461677474
6763616161616174
6367676367677474
7461746374636161
6774636361637461
6763617461616374
7467746363746361
7474636763636361
7461677461676767
6167636763616167
6763746767746774
6363636363636367
6761636761676361
7467747463636367
7474637463676163
6767676163676361
6774677474676167
6363676767746367
7463617461636363
6374616163637463
7461616174746361
7463616363636174
6761637474677467
6361636767746163
6374746363616761
6374746767617461
6761616174616363
6763676174677474
7461636367617461
6367636163636374
6367676163636774
7463746161637474
7461677463746367
7461616161746167
6161616367616361
6174677474636361
6167676763616367
6161636367617474
7467616174616767
6763636361676761
7467676763747463
6763616763746367
6174676767677474
7463676763636374
6163636167747474
6174616761636374
7461617467747463
7461746367617467
6174677467636763
6174616367746763
6367746174676761
7467746367746163
6363616767746767
6374616761676161
7474676761636163
7474616774746361
6774616363676363
6363677474676774
7474616163746167
7461616761747463
6361677461676774
6161616163746163
6763676767676163
6167746774616763
6763636363636174
7463676361747474
7461616774616763
6361677474636363
6761677463746367
7467636367636761
6167746363676761
7461747467616161
7461636174676761
6361747474637467
6774617463677463
6763677461746174
6167676767636163
6767676761676167
6163747467636163
6767677467746761
6374637467616374
6161676161636774
6367636763636367
7474746367616374
6161746767746163
7463746174616774
6761636761616767
6763746767636763
6763616363676374
6367636167636361
6767676774746763
7461746361616761
6767676774746167
7461616367676767
6167676161636774
6363676367616361
6361616774637461
6367746763676761
6367616767637461
6774636161636774
6161616763677461
6763617467746367
7463636774677474
6767746361616761
6774636174637463
6367616367747463
7467616767676767
6774677467677463
6361676361746761
6163676774676163
6374677467636767
6161616167677474
7461676361637474
7467746763746767
6763636174616167
6163746763636761
6761636361676367
7467676761677463
7461747463636161
6167617463637474
6367636174676774
6374677461637467
6767616763636161
6174636761676174
7474746763636367
6174677474637474
7474676774746167
7461636774636167
7474616761616161
6161616767676774
6163746774747461
7467616761636763
7467746374676161
6174676761677474
6763746774677463
6174676161636361
6367677474747474
6363616167676763
6374616367636363
7474616774616161
6374637467676374
6374676363747461
6363616774746163
6774746763676374
6763636367616761
6363636163616161
6161746763746367
6374746167747463
6363616374616774
6367637461676174
7474746761616161
7474616361616367
6361616774677467
6374676367636761
6363636767746761
6761636761746161
7474676767677461
6161636374677467
6161746767677463
6761616174616174
6774747463616161
6367616761746774
7467676163746174
6161746761676367
7461676774616363
6367636167617461
6161676361636767
6774637463746367
6763616367636174
6161677461747474
6167746767676367
6363616367677474
6367746763617463
6167677474616367
6363616763637463
6774617467747463
6763676374616161
6767616174616367
6767636374636767
6167746161746367
6161676363746163
7467746363637461
6363636367677463
6361746761616367
6367746363747461
7463616174746174
6163636167616763
6774616361616374
6367616367636761
6174617463746767
7474677467636174
6174746163636767
6163747461636163
6361676174636767
6374677467746761
7467747467676763
6761616167676367
6774677467636174
7467676161676761
6761746767676374
7461616774636761
6761676167676363
6763676363637474
6767616367636763
6767636774676161
6374746767676763
6761677467746363
6374676367746763
6374616367746774
6767637463636161
7461746167746361
6163617463676363
6361616367677463
7463676763636363
6761636363636367
7461676161636774
6774676167677461
6774676161677467
6163637461636363
6161636361746763
6163746161676161
6367746174636774
6167617467616774
6374676361676167
6763747461616767
6363746163637463
6167617461746167
6763676761676174
6367637467616363
7463677467746374
6161747461677474
6763746161637463
6367676163676763
6761746167616161
6374636161746374
6163617463676761
6367677467636367
6761617467636167
7463677467676163
6367746761636161
6767676163636174
6174616763617461
6374617467637467
6374616774636167
7463616361636367
6174677461616761
7467636763676763
6767616363636367
6174616763616167
7474616363616161
6761746363616767
6767746767677463
6163616361617463
7463637474746774
6767617467636374
6361637467636363
7467616363616161
6761616361747474
6363637474636761
6163616761617474
6163636763676767
6374636367617461
6763746163636361
6763637463677467
6361676361676761
6374676774636774
6163636361617474
6361617467616361
6374636363616163
7461616174636774
6361616163617461
6774616367677461
7463676761746763
6174636774746361
6767616767746161
6161616774676361
6774746167677463
7467676167637474
6163747461636161
6363636174677463
7461636174616363
6774636774747461
6174676767746361
6374636167617461
7474636161636361
6161746361636763
6763616374616774
7474636163616367
6767636163637474
6174676767616361
6767617461636361
6167636761616363
6367617467676174
6174747463676167
6361636361676763
7463636163747463
7474676761746763
6774636761637474
6167636374616363
6363746767676374
6174637474616163
6763636774747467
6161636761746374
7467746367746363
6174616374747461
6767636367746161
6763636163636361
6367636163616761
6161676361617474
6167677474676363
7474636161676374
6361747474676761
6774636367637463
7461676374746167
6363676367616363
7463676367617467
6161616761746761
6361617461676163
6363616761746161
7474636363676167
6374677463617474
7467676761636761
6374677463676761
6361636363636161
7463616167676761
6163676767747474
6167636161676367
7463676367617463
6767636763616763
6774746774616174
6363636774636174
6167746361617461
6163616174636363
6763636374676174
7467746767636374
7463616361616374
6161746367676374
6367676163746361
7467746374617461
6363746374636374
6167747474616774
7463746774746167
6167616367636367
6167616763636763
6161637463676367
7463637474746174
6767676763636774
6767616374617461
6767616161747467
6774636367636763
6161746374676163
6161617463636374
6774617474636774
6361746167676167
6761746167747474
6167616763746174
6774677463637474
6763676767747474
6363616763616361
6163676761617474
6361636767746363
6374746363637467
6363676761747474
6363636361636763
6363746161746363
6374616361746374
6774676761616767
6767616374637474
6161746763636774
6367617461637461
6374617467677467
7461677461616374
6367636761676161
6374676163636761
6361616767676161
6763616374747461
6374746367677461
6367747463616761
6167636767616774
6374676174746174
7463746161637467
7474636161746374
6174676361676174
6374747474616174
6163617463746763
7474636774637463
7461677461616361
7463746363617474
6374616161676161
6167616767617463
6767676174617461
6174616763746361
6367677467636363
6361637474616763
6761636361616363
6174617463637474
6363616767747461
6361617474676761
6361636167636163
6767616361676167
6161677463676363
6367617474616761
7474617461616161
6774746367746367
6363747467616767
6167636767677474
7474616161636174
6761746761637474
6774636361676774
6363676774676763
6361676367746367
6374677461616761
7461617461746767
7467616363677467
6361746167746367
7467636767636163
6363637461746361
6774676767746163
6367636363636767
7467637463676167
6363746767746761
6763746161676361
6774747474677463
7474616363636767
6761747474636163
6163617463616761
6174616163617461
7474616774637463
6763637474636767
6367616374636767
7467636763636763
6174676163637463
6161636763677461
6374746761616161
6174676163636767
6774636761617461
6761676374636163
7461747467677463
6167746174676163
7463746767636367
7463616761746361
6161616761746763
6767746161676374
7467676367746167
6367616763746161
6774746774746774
6174676161746774
6374676374616761
6761746374636167
6367676763746163
7467636167617467
6367636167746774
6363636761617463
6767616361746767
6774617474636367
7474636367636367
6167616367636374
7463616774676163
6163746374676767
6761636761676163
6361676767746361
6163636161616363
7463636161617463
6163637461636761
6174617467616167
6367636761746367
6167616774616174
6763746374676161
6367677461636163
6763636363746763
7467636374616161
6174637463636361
6774676374676761
7461616163637467
6774616767616763
7474636767746767
6767637467676363
6161616161616174
6761636361616367
6363676367747474
6163616174636374
6163636367636763
6767636363636763
6767676763637463
6363636761636363
6761636163636167
6761676361636361
6374616767636763
6763617463636174
6361746174616167
6767746763747467
6761746761746167
6174616767636363
6767747461746761
6161676363677461
6763747467636363
6163746167746361
6761746761616363
6774616167616767
7474636763676367
6361636174676363
7461616774616374
6763676174676163
6767636174677467
7463747467746363
6174746167676363
6163677463676163
7467676163746374
6174676767677461
6361677467747467
6767676761747474
6774746161616767
6163636763636363
7461636367616367
7463747463636763
6763616361636363
7467746361636174
6767746161636767
6363746167746761
6174746361746361
6174636767637461
6167746161676763
6774746161677474
7474746161616363
6167636367746761
6774676761746167
6763637474676374
7461746167746174
6174616774676761
7461747461747474
7474636767616363
6167616174676361
7461676363616374
6163676361616161
6361617474617461
6367676163676367
7474746167617461
6167676174636374
6167676374676161
6767746161636163
6363616363616367
6363747474747474
6167677461616374
6767747461746174
6361616167616763
6361746167746363
6374747467616167
6767746161747467
6763746167676167
6163616374676374
6767617463616361
6767676163747461
6163676161616367
7467636163636761
6161676163616367
6363676363747467
7474677467676167
6374616174676374
7474616363636761
6763616767636763
6367746167636167
6767676163636367
6763676174746167
6774746361617461
6761636774616774
6161747467636774
6374747474637474
6167746367637461
7463676363636161
6761616761676363
6367747461617463
7461617467636761
6163636763616174
6167616174746767
7463747461616367
6763616361676774
6367676761676361
6761746361617463
6363636163616774
6161617474616174
6774637467746774
6761636374747463
6367677463637463
7461677467617461
7463676767636367
6361746167636761
6367617467746361
7463616767636161
7467636761747461
7474617463636367
6161636374616367
6161747467616167
6374616163636767
6363676174676361
7467746163636363
7461637474636763
6374636763636763
6767676161676367
6774616774747474
6174676774746167
6774746161747461
6161636163616363
6767616167747474
6367747463617467
6161746163636763
6161616167676767
6363676161676761
6363617467746163
7474746761616761
6167636163676361
6174676763676767
6167616163746763
6767677461616767
6163746374676763
6363616361676363
6167637461617474
6367616361676361
6374746174637474
7474636163746167
6374636163746763
6174636367746167
7463677467676174
6767676161616763
6363676363636774
6367676367636367
6374676167746363
6363616761616161
7467636174617467
6174746361676774
6161617463636163
6174616174676361
7467636374747467
6374617474676163
6174747461616167
6761636363676374
6774677463676774
6374746367617463
6763746363746774
6363676174747463
7461636763746761
6774746363616167
6174676367746167
6774616767677461
6774617467747467
6767746161617467
6763677467617467
7474676163746774
7474637463636367
7463677461636374
6761677461616763
6161677474616167
6774677463676763
7474676174616767
6167747467636161
6174637474636174
6374747467616763
6761746774636367
6374746763746163
6774616767676367
6374746174617463
6174617474637461
6767616361676761
6167676767676361
6367676174746367
6167746361746761
6774636161636174
6767616763617474
6174746763676767
6761677461676167
6763616774636767
6763637467747467
6163636167616367
6761676374746167
6761636763616161
6161616374747461
6163616361676367
6761616167676174
7461617467746163
6374747467677463
6767746161616374
6367676761746167
6367746161636774
7467637474636163
6161637467636363
6161616163636774
7467617474637461
6163616761746161
6174616367636161
6367637474746367
6774616763676363
6767636774677474
6174676163616167
7467677467746763
7474636374676774
6174677461676763
6174616763676161
7461746374616363
6374676767676761
7463746361637461
7463636363676361
6774746763637463
6363747463616774
6361676774637461
7463747467676767
6774746363747461
6374616774636374
7467616367677461
6763676774676761
6361636363676761
6761746361746767
6367636167746374
6763616363636363
6374636763636361
6761676374677461
7467616161747467
6363616161616761
6361746774746774
6367746767617461
6167636363616367
7463636361616761
6363636161676161
6361746774636367
6767677461616363
6374747463677461
6761637461746774
6361746367616767
6774636774636761
6361617463637474
6374637463746761
7461616761677461
6163616163676774
7463746767746361
6363636163676167
6367676367747463
6761747467637463
6774616374747463
6767616761676167
6761616761637463
6767746367746367
6763746361676367
6161746367676163
6361636374676361
6163746774677467
7463616367747467
7461636767636161
7467676163747461
6167746761746174
6774747463617474
6361676361746361
6767747474616363
6761616361676761
6367616767747463
6361747461746174
6767676361677467
6763746167636763
6761616174746167
6374636161616761
6174676774746761
6363676174676767
6161636174746161
6161617463746363
6367637461747474
6163636767747474
7463636367676163
6363616363746167
6774636763616361
6167636361637474
6774616363636174
7463746374747467
6363636774676361
6774636161677467
6774637463616161
6163746763636167
6361636774746361
6174747463746174
7461616767617474
6763616767616167
6767636174676767
6363677463637474
6163676361617463
7467637467636167
6767676174676763
7467676167616361
7467677467676767
6163616767616767
6774617474746363
6174616774747474
6761636361637461
6167617463617463
6761637467747461
6761636763616367
7474746761617474
6761636774616363
6761677474746763
7461676163677463
6374746361676161
6767746167616763
6767616174747461
6167747467746161
6163616163746367
7467746163746361
7463747461616767
6167746363676167
6167746767676767
6161746163747463
6363617461616761
6174746367746174
6167746163746761
7474746763636767
6761747461636361
6767636367636761
6361616161676163
6363636767616374
6374636363677467
6167676161636367
6167616767746174
6763676161677467
