6163616174746767
6774637461636161
7467616774616161
6161676763637461
6167617474746763
6163616763617463
6167676374746167
6167616167636774
6774676761677467
6163636774636363
6167636763746761
6361616774636167
6174636761676363
6374746374616363
7467746767617463
6774746163636774
6763637467676761
6774636774636763
6163636363746161
6374746374617474
6767636367636763
6774616361676367
6163746363637474
6361616767636774
7461636167616361
6163616774636763
6763617463636361
6374746167676163
7461747461746163
7467616761746167
7467676174616161
7463676774616163
6767616763637474
7467637463636363
6174637474637467
7463677474746161
7461676367616774
6174676163637467
6161746374746163
6174636761676774
6774617461746363
6767676163677474
7467616163746161
7474616763636163
6363636361616174
6363636367677463
6767746763616363
6763637461637467
7463677474616367
7474616374676774
6367676361636763
6367616761746163
7467746163637461
7461746774746161
6363747463636367
6361636774746161
6161747474616174
6167616161616363
6163636161637474
6367746774617467
7463746761616167
6167747474676761
7461746761746361
6367746361676774
6361617467617461
6367616763746761
6767617463636163
6763616767676161
6363616761637467
7467617463616163
6363746363676774
6363746374616363
6161676367616767
6374616774637463
6161746161676163
6763637474616167
6763746163637467
6374746174676374
6163616161616161
6763676767616174
6767616161677461
6167616374636767
6761746163746161
7461746767636163
6163746763746167
6763747467636374
7467636767617474
7461746167676374
7461676763676174
7461616363617474
6767676174746163
7463616174636363
6161746767617461
7467676174616767
7467676167637467
6763636374616767
7467616774636361
6763616174676774
7474676774636161
6174636761616367
6167747474677463
6361617461676161
7461637463676161
6167637463636761
6363617461676361
6767746367746361
7467617463746174
7461676767616774
6367677474636774
6774616774636163
7461676363616374
6167676161636374
6174746767747474
7467636363747474
7474676163747474
7467746361677467
6767636767676361
7461676367617461
7474747467676367
6767746174636763
6167636774616161
6174676163747474
6163636174676774
6174746774746367
6363676363747474
7461746361677461
6174746363636167
6367677461676761
6767747467746174
6763636174747474
6167636761677463
6367676761637467
6367617461616367
6161676161746761
6167616767746167
6167676163746367
6761617461636167
7474747467746161
7461636367746763
6767636767746363
6161676163676163
6763616174676163
6174747474676161
6374636367637474
7474676363616761
6363746167676367
6774636367747474
6174636174676761
6367616763616367
6161746361746763
6761746374746363
6763636167636774
6163676367616774
6163676761676363
6767617461617474
6774616363637463
6361746174616374
6767616163676361
6367637463636163
6374677474746761
6161746763676767
6361746374746763
6774636361747467
6367747467637467
7474676174616363
6363746161617461
7467747467616367
6767636167616767
6174746763636374
7467747463636374
6367636163746361
7463676161616174
6163616761746361
7461616761746361
6361676367636774
7474746761617467
6363617467637467
6363676161616361
7463746761636361
6174677461636774
6774677467746161
6761746363676163
7467676361616174
6774746161636161
7467676361747463
7467636374636163
7474747467616767
6363746361746767
6167747467616363
6763746161636767
6363677474636161
6374636161636767
6367747474676774
7474636774616774
6363676774677467
6163616761676767
7461617467616163
6161636763636161
6761676374746767
6163676767676761
6174746767636363
7463746363747461
7467746374676167
6774677474747467
6761676174746174
6367636767636374
6763746163746761
7463677463746174
6374746167677463
7474636774616161
6763616767616167
7461617474747474
6174676774746163
6363616363616374
6167676363747461
7467747474676174
7461616767636374
6761746361636763
6163616361636163
6163746767747463
7463746174746763
6367746363676761
6374676774637467
6763616161746174
6767746374636161
6767636363676374
6367616761636163
6167636161676363
7467746767676174
6374747463746763
6363636374616367
7474616767677467
7474636163636374
6761746774617474
6363676167676361
6163746167677463
7463746174636363
7467616174746174
6161636761616763
7474616367746163
7461676374747467
6174677467676361
6363746167677474
7463636163616763
7467616361746363
6361637467636763
7474616163617467
6374637463746767
7461616774616767
6763676374676374
7461636161677463
6761677467676367
7474616763616163
6761677463637461
7467676374636774
7474636767677467
6774636163636361
6161636167616161
7461746167676174
7467746167636363
7467617474746374
7463676763617467
6361676367746161
6161676367616363
6761636161677461
6763617467746367
6363676761676174
7463746163637467
7461636774616167
6361676763636767
6761676167636163
6363747474676174
6174616167636774
6361637474746361
6163636161676363
6363616774636767
6761636363616374
6361636174616167
6363676761746767
7463746367676763
6161636174746361
6167636761746361
7461637461677467
7463617467636763
6161746167617463
6367636363676163
6767636361747474
6763616167616767
6767637467637474
7463746161747463
6174676161617467
7474616774746763
6363616161636767
6174616161676774
6761636167616174
6363616367746163
6763617474616774
6174616763676163
6761747461747461
6361617463616163
6767636174677461
7463676167747467
6363677463746361
7461616374677461
6761746374746367
6761636761637467
6363676363676367
6374636161616161
7467636361636161
6361636361637461
7474676161676167
6167746761746374
6167636161676161
6361617463616763
6363746763637463
6774637461676361
6161636161746374
6167747474637467
6163746761746161
6767616761676163
6367676374676367
7467636763746161
6774636774746161
6363617463616367
6167746161677467
6167616367637461
7461636774616767
6767747467677461
7461616161746774
6367676361746361
6761637467676374
6763616767636761
6163637461616761
6774616363636167
6161677461676174
6761617467636363
7467676161676363
6167747467636763
6174746774616367
6763747474746763
6161636774677463
6767616174616363
7474747463616761
7467636761616763
7474677474637463
6363636763617474
6363636361616163
7461676763637467
6161636761676774
6167747467676167
7461616361616774
6767616161616374
7474676367676774
6163617461676363
6763746761617474
7463616374636367
6767677467677461
6761636361746761
6174676174677461
6761617463747463
6174637474676761
7474637461747463
7474636174676367
6161616361676167
6174616167636374
6763636374637461
6161637467746361
6774636363616767
6761746367676763
6161746163746161
6761617474637463
6363616174636367
6161676367616763
6774747461746774
7474747463637474
6367746174616761
6167676174746361
6767616361746174
6167636174616767
6367677474636174
6374747467676161
6374636374677474
6174636761676761
6161676763617463
6167616763747461
6763617463746167
6363746367616774
6361616367676167
7474636763676761
6174616363676167
7467677467677463
6374747474616363
7474746163746363
6361747467637467
6174616167636363
6167746363617474
6374636374636174
7467616761676774
6161746763677474
6161617467746167
7463636761746163
6767676774616763
7461676367747474
6361676767676761
6163637463616767
7474746367616761
6763637461636363
7467747474616167
7461746161617461
7474637474616767
6767746761616363
6161617474677461
6363677463617467
6361616363616174
6374676161746774
6367636174676767
6367746774747474
7474636761636761
6363636761616761
6174617474746367
7474637461746174
6161616374677461
6374677467746161
6763637461616363
6761677461676167
6167616361616374
6363746167677463
7467746774616361
6774636767676374
6363676363636161
6763676374617474
7474746367676363
6363616161636761
7467676174746361
6163676374746367
7474677474676374
7463746167676363
6374676761636761
6361616761617467
6363636374747467
6761746774676167
7463677461676767
7461636767636163
7474616374676363
7467616174676363
7461676367676161
6167746761616174
7467676763616367
6161746174617474
6363637467636361
7463676763746167
7461746761746767
7467676163676361
6161636174617467
6774747467617461
6767676763747463
6774636767676161
6374616163616161
7467677474747463
6774636374746161
7474676767616374
7463746761637467
6767637461746161
6367636374616163
6763616774636774
6374676161747461
7474677474636367
6374637463636367
6161746763616161
6367747467616374
6774616761636774
6367676761677474
6361747463617461
7467636374676361
6363636763676774
6761616367636174
6374637463746763
6161746761637467
7474746174616374
7467636163746767
6374676163746161
7474617474676774
6763636167636161
7461746167746774
6361747467746167
6174636763637463
6374747463747467
7474636763617461
6761617474676374
6163637474676767
7467677463676174
6163617463616361
6363617467676374
6363677467676367
6363746367746763
6374616367637474
6167617474746774
7461616174636374
6767677461746761
6363746774636774
6767636767746767
6367616161616167
6163677463676374
6163636374746367
6767616363636763
6761676361636367
6763676774677467
6367636174616763
6761637461616767
7461746163637467
6367676767616363
6363676763676167
6174637474746763
6763677474636761
6767617474747461
6774636763616174
6163677461746174
6161677461636163
6167637461676174
7467636761616367
6161676363747467
7474637467676367
7467636363747467
6367636167746161
6361616163616774
6367617467616363
6374636763746774
7467746363617463
6163746363746174
6761616163617463
6374677461746367
7461616363616767
7467746774617474
7474747467676763
6361637467676374
6161676167617467
6763746363746163
6767636367747467
6361636767636363
6163676361637474
6367636761636363
6374747461677461
6761616774637474
7474616163616763
6161746163747463
7474746174746774
6174616761746361
6161747463677467
6361636361677474
7463747463617467
6167617474676774
7463616363636361
6374636767636374
6161676367676767
6163616363616174
7463746174747463
6763676763747474
7463616174676363
7461617467746774
6361676774676161
7467746367637467
7467636167636174
6761637461676774
6161636763746761
6363616363636167
6763636767676167
7463616367677474
7463616774636167
6167677467746161
6167747474746167
6174746761617467
6161616174637461
6763746367746374
6163676763617474
6167616161747463
7463676361616174
6761637474617463
6367676761677467
6163676767636161
6174637461637474
6367616774636167
7474637467746774
6367617463636761
6174637474617474
6374677463636363
6163676161636361
6763746374746774
6163616363616161
6161636161676361
6167746761636774
7463746361677463
7474636763617474
7467676161637474
6367676761746367
6163746761616367
6367616774746161
7463616361616361
6761616163617474
7474636767676163
6174637467637461
6174676761637463
6361617463676367
6174617461637463
6761636367616367
6363636374616163
7463617463616367
6163616767636374
6363746163676363
7467617461676367
7474746167636367
6163746767636374
6763677463746761
6367676367636174
6761617463747461
6167616774746161
6761616174747474
6367636763676161
6763677474747467
6174747461636367
6361746161676174
6367616161746163
6361616763636761
6161746774616161
6374676774636163
7474746163746167
6374637461677463
7474747474747463
6167746161746367
6163746174746761
6363746167636363
6774636161636163
6163616174636363
6361676761746767
6763676767677474
6174676774677461
6774617467746774
7467677474616761
6767636367636361
6174617467617461
7474617467746367
7467617461746174
6763746161636367
7463746363746774
6161637461616761
6763676161676174
6367747467676774
6174637463636174
6367617474677467
7474616161746767
6161616363676367
7463617467636367
7461636761616163
6161636174636374
6167616367747463
6763616367747474
7461746363676761
6374616363617467
6367746763636163
6367677467636363
7463676761676763
6761746763746161
6763746361676767
6163616167746363
6761746361617474
6363616763616363
6767746174616361
6761746761616163
6163746174676767
6763677461676163
6167747461677463
6363676163676161
7463616363637461
6363677474747461
6767637467746363
6161636374617474
6361746767676361
6363636363746761
6374616167636161
6167636767676767
6361746767617463
6767636367677467
6167676767636374
7474747463676174
6363616163746374
7474676763677461
6367616174676763
6374676163676163
6761616161746174
6367636174746763
6774747461617463
6367676774677467
6161676174746361
7463746161746761
6363676161616363
6161677463617461
6767676167746363
6763746174617463
7461677463746763
6174746361637463
6761746774617463
6163676767676767
7463636774616361
7463636774676163
7474747461747463
6374746763616167
6374676367746367
6774636774616163
6174676161616761
6767616767746161
6761677474747474
6367747474746161
6167616763746374
6363746363636774
6367616174747461
6774676161636363
7461676761677463
7461747474636363
7474637474676361
7474746767677461
6367636163677467
6767637467636763
7463616167746361
6163636763676161
7461747461746763
6361676363676163
6763616163746174
7467616163676167
6761676767636361
6361616763637467
6361746174636774
6167677463616363
6367746767677467
6161746763676367
6361637463746374
6363616363637474
7467746161746161
7467746163616161
6174636361637467
7463746374636167
6761616361746174
7463636363676763
6374637461616774
6163616363676763
6161617474747474
6161676363636161
6767676363747463
6763746763636161
7463746367676167
6174636763636774
6361616363676363
6774616761676163
6774617461636161
7474617461636167
6774636374617467
6361676761747467
7463746363616774
7467636161636367
6761676763616367
6361676161676361
7463746774637474
6363746767676163
7467616174747467
7474746761747467
6174676374636167
6163676367616767
7474637463636763
6167617474636163
6161616763616163
6367677474746763
6161636774616767
6174746761676163
6161617463636361
6367677461617474
6167676361616167
7474636367636361
6363617467677461
6174746163636374
6374616363746767
6761676374616763
6174746763677467
6163616161676367
6174677467636761
6367676163677474
6767636167746363
6761616167616767
7461746374617474
6774616163676163
7461676761676774
6367616761746167
7461636363616174
7463747474617461
7467747461676767
7474636363636774
6374637463637474
6361676767676363
6161676761636363
7474637474636367
6367747474616374
7461636374616763
7467677463747461
6767676174636361
7474617463746774
7467746167746174
6163677474676774
6374676174636167
7474617461637463
6763746774676163
6174636774746161
7461746163636163
6767637461616374
6367636763747461
6767676767616374
6174676763747463
7467676363636163
7461636161676174
6767746761677474
6774677474636361
6361636374677463
6767676774676374
6167676361676174
7467617463677474
6774616767636363
6167747463616763
6761746761616763
7461676374636374
6763616774616761
6763616763616374
7474636367746361
6767676167746361
7474676363637463
7467676174616374
6161616174677463
7463636163746167
6167747463677463
6163746163746167
7467747474637463
6161616767636763
6774616361616167
7463676374746163
6361676774616763
7474746174636374
6361616161676774
6167637474636161
6361637467636163
6367637461676161
7474616167617461
6367636763636361
6161617467747463
6167746161676774
6763676363617474
6167747463746163
6167636774637463
6763746761636163
7461636374636767
6167746774616761
6761616774617474
6761747461747467
6763616374616361
7467676163746763
6767676367616763
6163636174676374
6374677467616163
6163676363636174
6361637463617463
6174616761637463
7463746167746167
6774746361676374
7461746774676363
6174676361676761
6767746763746374
6174677474676763
7467746363746167
7463676774677463
7461676374637467
6361746161746163
6361637474747463
6363676763637474
6163617474746761
7474746361616161
6767746161677474
6163636174636161
7461637474637463
6763637461676161
6361636774676161
6361747474636367
6167616161677463
6161616163616161
7463616761746167
6761676361616161
6361746761636163
7461676167746367
7463746763677467
6174746763676374
6767746774616767
7474676174677461
6363676367616767
6363746774747461
6374747463677461
6163746763676774
6761676161636174
6763637467616363
7474676174636761
6767616361636761
6174637463676161
7461637463746363
7461636367747463
6167677474676761
6774636763676367
6361616774617461
6167676367746363
6761636374616174
6361747461637474
7467616367637474
6163637474676161
7474746774636774
6163616774616167
7467676163747467
6774676767677467
6163616361746174
6361616161747474
7467616361617461
6374746374636767
7461636161747461
7463676361676761
6167636763617461
6774747467636167
6167746767746161
7467676174616163
7474746761636767
6761636161746163
6161616361677474
7467676763637467
6174747461616763
7461676174746774
7474636161636374
6363616767616163
6163676767617461
7461636763636774
6174676167616767
7463676174677467
7474617467676374
6163636361616361
6361616163637463
7474637463676174
7474676367636763
6361617461636774
6767637467637467
6161636774616363
7461676367746367
6361746761676767
6167676363676174
7467637474746367
6774617467747474
6363676367617467
6361616774676374
6374746361636361
6367636167616763
6774616363676767
7461746763636167
6367746161676363
6374617474637467
7474677474746361
7461616174746167
6163636763636361
6163637474677461
6161676163747461
6761676363617463
6763636161746763
6161676363676767
7463617461616774
6763746361676774
6174676363676763
7463677461616167
6761676363617461
6374746367676767
6761746163677461
6761617467616367
7474746174616361
6763676361747463
6763677461617463
6767676174637463
6163746163616174
6763616363677474
7474677461746763
6763747467677463
7467637474616167
6767616763616163
6174746163617474
6763747467746167
7461676163677467
7463617461676774
6761676167677474
6363636767676774
6367616367616361
6163616767746161
6367616367676174
6367616174746374
6161616363636163
6167636761636763
7461636774636161