7474616163746174
6763616174746363
7467746163636163
7474746774746763
6161636163746763
7467636763637474
6163746163676761
6163746163616161
6174747463746763
6763676774637474
7467746363676163
6367746163746763
7467636363616767
6174617463637467
7474616167676167
7474677474747461
6761676767616174
6361676367676761
6161676363636174
6174746161747467
6161746174616163
6361616761747461
6174677467637474
6374636761616363
6761637474616174
6363616161637474
6767636163616367
7463747467616763
6174676367616363
6363676761746363
6774746163616361
6361676174616361
7463636363746363
6361616167676374
7463617467676774
6774746163746167
7463616761636361
6763636363617474
6163636374616361
7474636763636763
6774746767636763
6167746163746361
6167677474616161
6774636174637463
7461676361746374
6361617474747461
6363676363746774
6361617474617467
7463616363616767
6761747474636161
6367676374637461
6763747461616767
6163676163616161
6161636367746374
6363746761617461
6367747463617467
7467637463637467
6361746367616174
6161746374616163
6167747463616767
6167746763616774
6367617467636374
6774676174616167
6174637461676761
6167747463676774
6763677461616363
6367677463676767
7463636367677461
7474676174636163
6161676767616174
6367676363746361
6361616361676174
6367676163636767
7474617474676367
7467747474747467
6367616767676374
6361746774676363
6774746363676163
6761746363746363
6363616161617474
6374676161636767
6763676361616374
6161636174676367
6374616174616767
6774636363676774
6361676761636163
6363616161636767
6767746174616363
6761747461616361
6767616761676363
6174747467746167
7467616761616763
7461677467636174
7463616774676361
6763637461747467
6161746163676167
6174746774677461
6167636763636763
6163746767746761
6374636374616163
7467747467637461
7467616774616761
6361746363746761
6161616767616174
6374747474676761
6167747463636167
6363636174676367
6774746767616763
7461636161636761
6367636767676374
6163746367636161
7463636367747461
7474636774637474
6767746167636174
6767746161616761
6163616163676774
7467676367616163
7467636774676774
6174676163676363
6163636167676367
6361677467636767
7467746767746763
6774676163636761
6767746774616361
6163746763746367
6363677463637474
6761746774746363
6363636361617467
6761637467637461
6163616361677461
6763676763636761
6774676761636174
6167616774617463
6774746174747463
6163676174746361
6767616161677461
6363746367616763
6767616174617463
7474676161636161
7474617463636367
7474677474636167
6361747463676174
7474676174747461
6374616363617463
6374636763617463
7463636763616767
6167616374676174
7467616161616167
6767677474746163
6763617461637461
6163636767616763
6367616174746774
7467676161616763
6161676761616367
7474676761616767
6767617461746161
6767676367616363
6174616163616167
6363746363746363
6174636774636363
7474676361636361
6761636763676761
6361617463746767
6763616767617474
6374747467746767
6167616174676161
6161746367616361
6361636367636161
6363616374746361
6167616367676163
6761636167747463
6174746161617463
6363616174616761
7463636774746367
7461616761636367
7474746361617461
7467676363616363
6374636174636361
6161746367746361
6763676763676763
6774616763746774
6374617461746763
7463747467617474
7463676363676374
7463676763636174
7474676367746174
7461677463676363
6174746163637461
6174746367747467
7474616774616363
6361616361617474
6161636763636774
7463746174616363
6174677461617467
6761617461676174
6774616163676774
6161617463636167
6374636763746174
7461616367676774
6367617467746363
6374747474637467
6361746163676367
6163636163746174
7461616361636361
7463616367636367
6363637467636763
7461676367616361
6774746174637463
6763617474676361
6367677461676363
6361636167746167
6763676374746363
6174636761617474
6161616774746161
7461746363616161
6167676167616161
6167747463616174
6361617461616163
6167746161636767
6767616363617463
6367636363676374
6167636361616167
7467746767616174
6367746367676161
6774616774746763
7474617463617461
6174676761677463
6774746167746363
6163616774747467
6767636161746374
7463676363636374
6374616161637463
6767636163676163
7463747467636761
6761616174746374
6167747463746774
7467746367636367
7461746161636163
7461616767617463
6163747467617461
6763676761676774
6367637467746367
7461636174616374
6161677461746767
6767676363637461
6767616163636374
6374746761676161
6767616767616767
6161746767636163
6167676361616761
6374616774746774
6161747474636167
6361616763636174
7467676374636374
6167616363746361
6763636767636363
6761616161676374
7461746361746167
6367636163636767
6363636167746374
7463676161676167
7474746761746374
6367637461616374
6761617461676761
6161746761746763
7461746363676374
6374676167637467
6161616367616361
6361746363636774
7461636761746161
7474677474746167
6763677467616374
6367637463636361
6163637463636167
6167746774746174
6767676174677461
6367746774677463
6374746774617474
7461636374636367
6774636761617474
7461747474616167
6167616774637463
6767746367637461
6361616363616367
6763746174636367
6174676374676761
6367637467616774
6363676163746774
7474746767616767
6174746163747461
7461616363616163
7461676774676767
6174676161747463
6363636161636761
7467746774636763
7467636361616361
6361677461636363
6361617461746163
6763676174616774
6374637467677467
7474746367617461
6163636367636167
7467746163616363
7467616161636363
6763636361636763
6361746774677461
6167616763746774
6767676774616767
6174746767676761
6161677474636374
6363636161747467
6163746763677474
7463616361676774
6161636161677474
6774677461637467
7461747463636763
7461636363677463
7461746774676174
7461637461746167
7467676774636167
6367636774636367
6363746761746361
6174636367616361
6761616767616367
6774746361636374
6167676163616363
6374746174676363
6767746167676174
6167616774676167
6161676167746161
6763616161636161
7463746374676761
7474746763636774
6374617474676767
6174746174616763
6374617461616767
6374676161746363
6361676361676761
7461637463676361
6374677463636763
6374676367636174
6763747463747461
7463676363677463
7461637463746363
6361746374746767
6374746763746761
7463637474616161
6767747474746161
7463636174637467
6174746767636167
6763616763676161
7467637461746374
6374617463676774
6774616167616763
7474637463677463
7474746374677461
7467746761747467
6361616361676367
6163636161616367
7463746763636161
6374617461746774
6774746774676763
6363676163616374
6363636163636161
6363617461636761
7463747463636374
6767617474636774
6167616367616761
6774616761746374
6361746361616367
6167676761616163
6367676763616167
6361616774637463
7474746367616763
6774676761676374
6774746767676363
7461676374616167
6367636163747463
7463636163616761
7461676767746374
7461746174616763
7461747474676767
6161617463616767
6774616167747467
6167676374617467
6374637467616763
6361637461747474
6367676374616774
6174636361636161
7474636774616761
6167636761616374
6167637467637467
6767616161636161
6174676167616763
7474747463676767
6167616761676761
6374747463617461
6367746774636763
6374637463636174
6763676167617467
7463676167617467
6361616163616367
6767677463676367
6367746363636367
7474676761636367
6767636367747463
7474636367616163
7474616363637474
6167747467636163
6767616767616174
6367746163676361
6163676767746774
6174637463616763
6763617474617461
6374747461747461
6763677467637463
6767747467676163
6161636163616363
6761676161616767
6774636163636163
6363746174676161
6767677474616361
6167616767636361
6767676361616763
7474617463616167
6161747474676774
7467676761676361
6161676363746174
7463676374746761
7463616363676374
6367616774616163
7474636763747467
6767616763747463
7463617463636367
6174676774747461
6363616163636167
6167676361616361
6167617474636374
6163746361616174
6761636367616174
7467636367746363
7467676367677474
6761676361676763
6761676763676363
7461676763676361
7474746374676767
6767746763616763
7461616763746174
7467676363636767
6761616167636361
6774616761637463
6763616167676167
6163617467617461
6761616361616374
6174676167676174
6367616367746174
6774637463676774
6767677463616161
6374636761616174
7463637467616361
6374676361616174
6167746361637463
7463616167617463
7461636761616774
6167746763746361
7463676774676363
6361617474747467
6163637463746167
6761616774676361
7463676367636774
6163636763676374
7463636174676363
6761676774676763
6763676367677467
6774636374676163
6163676763747474
7474637461746161
6774746767616161
7461617467676167
6367636761636763
6774746161746763
6374636763677463
6167636374677463
6761676761676761
6363617474636763
7467746363676763
7474676763676167
7474676363676374
6374637461616174
6374677461746174
6363617467746361
6167747474616174
6374636774676361
6761746767636763
6361616774636363
6174677474746367
6763747463746767
6767636163636761
6361616774616363
6374746167616767
6374746761637461
7467746767636374
6174676163636361
6767636761637467
6363676161636363
6174747461676774
6161616161676763
6361676174617463
6367676763636361
6174676374637467
6767636167616361
7467617463747474
6763636767616761
6761676163677467
6767676163746367
7474617463636161
6163616374746774
6161676367636367
6367617474636361
7467617467746774
6763676161676761
6367746374636767
6363616174676363
6761676367746167
6767617474616361
7474676363616167
6361676363616763
7463746174616163
6367746174616174
6163616761616163
6774616174616163
6174636361637474
7463676167637463
6767616763636374
7474636761616161
6367617474746774
6361616763676167
6767617461676761
6367616763616374
7467676367746361
6367676367636163
6363676361747474
6774676767636174
6361676167637467
6763636174636161
6174616361747463
6361746361636761
6767677461617461
6363746363617463
6374746163617461
6161637463746363
7467746174637463
6161636374616361
6361676774616763
7463746374617467
7474636763676167
6767616374616763
6767677467676163
6167616767616163
6174677474746774
6161616174616374
6763746161616363
6761747467616767
6161616774637461
7467746161676361
6363676361746174
6361636367636163
7463746363677467
6767636363747461
7463616167746361
6363747467746163
6374636163676767
6774636167617474
6767636761636161
7461677467636363
7463677461746361
7474676361747463
6367616761636374
7463636163746363
6161676167746167
7463636161746167
7467677461636774
6767636374676163
7467616374616361
6767636174676361
7474676763636374
6161747461636767
6767616161637474
6174676167676761
7463637461616167
7467746761747463
6374676161617463
6367676374677461
6761636763676774
6361746361746161
6174746367637463
6161676774747463
6767676161676774
6174676367676363
7461746763636763
7461676161636174
6367636167636763
6167746163636163
6161746761746361
6774676163747474
6174637461746374
6767677463676163
6763616761637467
6767637467676767
7467676363746767
6763616374676363
7467637463746363
6774747467637467
6374636374677463
6361636763746167
6363676163636363
6763616167676374
6374746167636763
6367676363746174
6761636361636761
6174746774746374
6774676763676767
6167746361616374
6363676167746174
6374637461636174
6761746774617461
6167676774746761
6761676761616363
6363677461636774
6374746774676767
6174676163747474
6174616361617467
6361746163746761
6761677461616174
6763616761747467
6163636761636367
6167636163746174
6363747474746367
6763746767746374
6767636363747463
7461636774676161
7467746174676774
7467637474746361
7474676761616163
7461747474617467
7461677461746767
6361617461616761
6767617461746163
6374677467746761
7461677474617463
6163617463677461
7463747463747463
6174637474677461
6361616767676761
6167617474616167
7463617461746161
6174746367616174
6161676774676763
6361676767636174
6761676361676163
6761677463676174
7467616174637467
6163746161616374
7463676363616374
6174746774616161
6161676761636767
6174676767637467
6163746763616363
7463676161677463
7463676767616167
7467616174677474
6763746174677467
7467676367677461
6774677474747463
6163616761676363
6161636174676174
6367616161616374
7463636167746761
6174676367636767
7461746163746167
7474677467746167
7474747461676167
6367636167637463
7463676174616174
6374617461616761
6774636163746167
6163636163746761
6774746761616174
6361676163676363
6361676174676763
6167746374676174
6361676761616163
6374676167616763
6167616763747461
7474746167676174
6374616367636167
6374676761676161
6361746167617467
6367636761616374
6367746763637467
7463677467677463
7463676774746367
6363676767637461
6361676761616167
6761746763636767
6774746763636161
6767616161616161
6367636167637467
6161616374616163
6363636161747461
7461636761616167
6163676763676761
6761616367637461
6774746174636763
7474616163747463
6767616761676374
6763616374676174
6363676774677463
6763617463746167
7461677461637474
7461746767617463
6174616174636767
7461746761676763
6361616763747461
6361616367746763
6174746374676167
6361616761637463
6161676374636363
6374746767676763
6367746361636367
7463616167676174
7463746774676161
7463746767617467
7463676767677467
7474676161676774
6174746767636174
7463746767677463
6174636167616163
7463636161747474
7474636363676161
6167616363616167
6774637467676361
6761676763636161
6174677461677463
6167676767616774
6774676174636167
6367747467636367
6763616763676163
6167636763616174
6167677467676374
6167616763636374
7474676361746767
6163636163617461
7467746174677474
6367676767637463
7461637474636163
6163746763636163
7463676363616161
6774636374746361
6161677474676374
7474636763616774
6174676761746374
6374676374676363
6767676161636367
7467746767636167
6767636361676763
6363616361676174
7474677463677474
6174746163676167
6161617474637474
6367746361617474
6161676367617461
6774616374677474
7463616367746167
7463616763746161
7461746374617461
6774676163636167
6167676367747461
7474637467676163
7467636767677474
7474676361636163
6174676374616167
6174616774636374
7474616761677467
7474636767636163
6367636163636167
6361637467617474
7467617474746167
6163636167636767
6374636761746767
6163637474746763
6174616761676161
6761676761746374
6763677463617463
6167746161617461
6763677474616167
7461616774636374
6761676761677463
6367747461616361
7467616174616367
6163616763636767
6167637467746774
6363636374676163
6363616161636761
6763747467636763
6174677474677461
6167676367676763
6774616767676163
7467617474616763
6763746361637467
6163676774636763
7474676767636374
6361636367636763
6767746363637463
6374747467676161
6761616361746763
6363636174676167
6361676761616767
7467676367746161
7463636763746361
6374616761746767
6167636167746167
7474636774616774
6367676161617461
6163636763676774
6767636167676163
6763676763636361
7463636363746374
6163746167616761
6374616761746174
6163616367617474
6161617461746161
6174636174676363
6761616363676363
6367747463616374
7474637467746767
6174636767616761
6767636161676163
6367747474746761
6363746767747474
6361636374676167
6167746167636763
7461617474746361
6763636163676363
6367676767617461
6163636167636361
6374676174676774
7463676374636367
6367616763676167
6761637467746363
6163636161746361
6367636367616161
6363616761616363
6761616167676161
7463617463677467
6761636774746767
7467636367677461
6774616367746763
7461616174746761
6161616763676163
6163616361746361
6163677474746774
6374746367636767
6374616174677474
6363636374676767
7463636767746374
6167746163746163
6167676167636174
6367676774677467
7463746761616363
6361616363677461
6374636161676161
7461616174677467
6763746161636761
6367637467676361
6161636361676163
6163746163617474
7463636774616363
6774617461747463
6367746374636361
7467676167746774
6161746767636767
6767616774676774
7461636367636763
6363746363676161
6174637467616761
7463676163617463
7463617474677463
7461636363746174
6174616361676161
6767636363616163
6161676167747467
6767677467746367
6767617467636374
6167747467747463
6163616374746163
6161746774747467
6761617467746761
7467616174676367
6374746167676774
7474747474637463
6767617467616767
7474677463676367
7461617474616363
6761746774616174
7461747474636361
6367616161676763
6367636361746361
7474746374746361
6363747461746361
7461637461637463
6374636161676363
6167637467616374
6774676163746774
6167746363636161
7463636163636761
6367636161617463
6374746763617463
6167676767676763
6167676163746163
6367636767636161
6763746163676774
6161616761676161
6174616363677474
6767747467637467
6363676363636374
7467636363616763
6363616174676174
6163636767616374
6774616367746161
7463676767746174
6363746774676167
6374636374616363
6367676161636374
6163746761676367
7463616763617463
6361616167746763
6767617461746774
6161746363637474
6161676363676761
6774636363616774
6163676161747461
6361636774617467
6163677474676367
6167636774676163
6167636774636761
6767616761636174
6767676763676774
6361636163616767
7467676374616774
7463616163746374
6363616763746174
7467617461636761
6174636174676361
6767636761676767
6763676763677467
6767746374747467
6161746367746374
6361616174636161
7467616361746374
7461617467746767
6161616174676763
7463616163676763
7467616163676167
6774746767747467
7463677463617463
6361746763677467
6774747474746761
6374677463746761
6763636367637463
7461636761636161
6163636374636174
6363616361636361
6374617463746361
6161616767636161
6763746361616767
7461617461636374
6363636367746767
6361636174746163
7474617467616163
6361616767747467
6763747461616361
6361616363616174
6767746767677463
6161636367677463
6167616161746174
7474746374676367
6763616361676374
7461676374636363
6761616167676174
6174746767617474
6161676374747461
6374746761616163
7463616167637463
7461747474746367
6361637474676374
7461636163636767
7467746174616174
6167746767616361
6367616174636361
7463676774616761
7463616367617467
6761636367616767
6361636167636361
6167637474636161
7474617461616374
6774746174746761
6361636774636774
6361636367746774
6367636363747467
6361637461746774
6774637467677467
6374636161746763
7467637474636763
6374616763636363
6767746761746161
6161676363616363
6767676774636763
7463636163616367
7474747467636167
6374636363676367
6763637461616361
7463746767746163
6174616774746767
7461676174616161
6763676163746361
6167746361747467
6774636174616163
6374747461637461
6363617474636774
7474676763746163
6367636361677474
6761676361616167
6767676367747463
7461746763746163
7474676767676774
6763636163677461
7461746367616161
6363747474746174
6774636767746363
7474747461746361
6767616374676174
6761636374677474
6774676363617467
6361676363677474
7461676167677474
6163746163676774
6163676774616363
6367616374636774
6761746161637467
6761616174676161
7467616163616763
7474636774636167
6367616363617467
6767616367617461
6763676167616163
6363746161676363
7474676174676361
7474616174616767
6363746763677461
6167616761746374
6767746174677461
6161616767747467
7467747463616374
6761636174636167
6361676761636167
7463677467636361
6374747474616767
7463637461616761
7463616761636367
6374746161746363
6374676767747467
7467616363637467
6367616363746163
6161636161636174
6161676367746163
6167676161636774
6374746367746774
6763746163677463
6761636761746163
6367747463617461
7463636774616374
6167616774616161
6367637474637461
6167617467676763
6767677467676167
6167746761636161
7474616363636763
6167746367616361
6763636763636161
6763616367746167
7463746774676367
6761617474676374
6761676367676163
6374676774636374
6161676374636163
7474747463637461
6763636761637463
6361617467746767
7461616367746363
6167636774746367
6167746174746363
6361617461746167
6161747474617474
6163636763616374
6767636161616363
6767677463746761
6161746161617467
6161637461746767
6363746763676174
7463636767747463
7463676161616761
6361747461746763
6167746374676774
7463677461746367
7461746774616774
6374676374746774
6774746161637463
7467616363746367
6363676174616167
6361616761617463
7474747461636361
6161677461636767
6367616367636361
6361636761676374
6174617461636367
6767616174616374
7467676363636161
6774636763746161
6761617467676774
6367676163746363
6374616163616167
6161637463616761
6161616361636161
6163676163676161
7461636167676761
6774746367676363
6763676367636167
6767637467746374
6367677467637461
6363616763636767
6367746167746774
6761677461676361
6763616774677461
6774617463677463
6361616361746167
6161746367676363
6363676763676167
6763676767616163
6774637474616767
6767677463676774
6174677463617474
7467747474746163
6174746374676367
6174636761617461
6767616174677467
6374636767616161
7474636767637461
7467636774636763
6361746767636374
6374617474617461
6363746167746761
6367676374676374
6767616174676774
6161636161617461
7474617474617467
6163676167677474
7463636361636374
7463676763677474
6167746374746763
6767746363746763
6367676374636761
6363616363676763
6161676161636363
7463676767746163
6361636767676161
6361676374747463
6161746174676774
6763616374616374
7474636767746374
7467676763677467
6374746374616167
6163616767636174
6774616761746167
7474617474616761
7474616363616367
6763746774676161
6174676374746767
6774746774676163
6163617467636367
6167747474746761
6374676167676763
7474677474746374
6367636374636174
6361746767747467
6161746167637467
7461677461616174
6761636763677463
6767637467616363
6163746161747467
6163676161636761
6374676767616767
6161636163747467
6761616161616374
6174616374676163
6167676167746767
6767747461746763
6363616774676161
6761637461616361
6761617461747467
6363676174747474
6161676161636361
6363637461677463
6363746363636167
6361676374616174
6161636374677461
7461637463676367
6167746361617467
6763617467677463
6774677461746167
6761617467616761
6167747461676161
6767616761637467
6761616361616361
6774676361676361
7467676167746167
6761677463746361
6774746774616763
6174636374637461
6774676167746763
6374746767677474
6174746167677463
6163746167636174
6774636367676163
6363676363676374
7463676167616363
6761676161746363
6161746774636363
7463747474746367
6761747467746774
6761636174676761
6163636761637461
6367616767636363
6167746767636367
7461676361746163
6767746174616767
6774637461746763
7461746167747461
6167616363616763
6167636767616761
6767676363746767
6167636174636161
6174677467676367
6367746161617474
6374637461616374
7463637461746163
6763636767636163
6161676763676774
6774746167617463
6374637467677463
6367636363636763
6363636174677463
6767746174676163
6367676774637463
7463616161636367
6367676174617467
6363676363636763
6761676761746761
6367747463676161
6767636774636161
6767676163616363
6367676367616167
7461746767636167
6174677474746361
7467636763676161
6774617461617467
6174636763636363
7474636161616163
6161636767677463
6367637467636363
7461637467616361
7467616174616167
7461746761746767
7474676774747461
6174636361676174
6174677463746167
7474636767747474
6761617461747474
7461616363676763
6761746163746763
6761636763617461
7474746161747463
6767616174746367
6774637467616174
6174676363746167
6363636774746174
6374637461616163
6774616167617461
6763636774636367
6161637474746774
6367676161636774
6174616761636767
6761676774636161
7474676374617463
6163747463636163
6161746774616361
6163746761616161
6161636167617461
7474616167746167
6774637461746167
6167636774676174
7461616767616163
6161677461677467
6774616374637474
6363676167616767
7474747463677461
7474746363676767
6374636361637461
6761676361636763
6374616163746774
6767616161747463
6161747474617467
7463636161746174
7474616167616367
6361616363677474
6161616763676763
6167746767616767
7463746374747467
6367616361746761
6174676367637474
6761747474746761
7463637467676363
6363636361636174
6774636363746174
6763616774676767
7467636361677474
6161676361616363
6363617474617474
6361636361636167
7467676761616367
6163616367677474
6174616761676763
6363616767676361
6374676774747461
6767676374746374
6374616363636363
6774746163617461
7467747467746161
6374636174746761
6767747461636163
6761637463676774
7461616374636174
6763636367746367
7467636361676363
6167676774746374
6374636161746174
6761637467616774
6167616763677461
6763636761746767
6763637461616761
7461747461676361
6763636761677461
6767616363636167
7463616163746763
6374636361676374
6161616163616361
6767636167617474
7467676361636361
7467636367616763
6761746774747461
7463746767616774
7463746361636767
7474676163746361
7463746363676367
6763747461747467
7467677467616174
7461676163616363
6363617474746774
6163676174616163
6167676161746367
6774636163677461
6361616167746761
6367747463636167
6167637474636363
6167746774677461
6163746767677463
7467636761676167
7474747461636763
6374676167677467
6167676767746374
6174636361636367
6361676767746167
6761637474746367
6374617467636367
6361676767636363
7461677461636763
6361636163746367
6374677463637463
6163746367747461
6363617463636361
6767677474636363
6374677474636167
7467677474637463
7474636763747474
6167616374746774
6367616361746763
6763636374746763
6763676174616161
6761637463677461
6161746163746174
6363636363616774
6174616367637461
6361617461746174
6774636367746174
6774676363676761
7461636761636763
6361747463676367
6767617463616161
7474676763616367
6761676774636374
6167617474616761
6161746161746363
6167746374676374
6167636374636761
6374746361616761
7474636161676363
6774747467746374
6363636174676763
6374747461616374
6361746167616774
6374676774746374
6761636161746167
7463636774616361
6767637474746363
6761616763746174
7474746163676767
6774746767617467
7463746363746374
6767617474676367
7461637474747474
6174616174676767
6761676167747461
6763616361676367
7474636774746363
6163616374676367
6161676163676363
6763636174676163
6163616763616767
6763636361617474
6763677463636761
6774747467616767
6761746367676774
6161676161746374
6367676161747463
6167676363616363
7474637474676167
6767636163616174
6161747463676367
7467616763616161
6374676774636367
6161616174636161
6161636163676767
6763747474747463
6774636763677461
6367676361637474
6767616767616361
6367747474636163
6163676763746367
6167617467617463
7467617463677467
7461636774616367
6163746767676174
6763637474746361
6761746161676774
6161677467616174
6361616361637461
6167616361636374
7463636763746374
6763747461616161
6174616363676363
6767616763636774
6161746774616367
6374676174616161
6167636361676763
6163746767676361
6767616767677474
6761676167676161
6174637463616361
7467747467676361
6374616374636174
6767746163637467
6367747474636761
6174616774676767
6763616163747461
7467636767747461
6167616163636174
6367746167746761
6163676761677463
6367636774616174
6361616374746361
7463636161677467
7461746763636174
6367746761676163
6367676761616763
6363636761677461
7463616763616363
6174616374617467
6767676174677463
6363746167676767
6767746761636174
6174637463617467
7474746161616761
7461617461616774
6763616763636174
6374746763746363
6767636761636774
6761746167676163
6767617474637461
6163676167616763
6361746367746161
6761746174746167
6763616361636361
6763616163676174
6374676167677461
6361616167616763
6763677461677463
6363636163616163
6763677461677467
7467746763616161
6761747461636763
6163637474676374
7474617461747463
7463636174636163
6374636774676367
7463746167616761
6763746163636363
6367636161636167
6163636774636361
6767676361617461
6163676763636767
7461636361747474
6374636767636167
7467637461747467
6774617467676767
6774746363676363
6167637463616174
6774676363617463
7474616767676774
6367676361746374
7461616367637467
6163677467746763
6367677474746374
6163676361746367
6767746363676367
6367636363617467
7463616174617474
6374676367676763
6174747463616174
6363617461636374
6763747474616374
6763746163636174
6774676163676167
6767637474676774
7463616361616367
6767636361747474
6367636774677474
6761636361616761
6374746763746774
6367616361616767
6361616161676161
7474677474746767
6361676767637467
7463616161746367
6361746161637467
6367746374616363
6774676161636361
6367636174676174
6363616767616161
6174616174616363
6363617463616763
7461636374617463
6174636761616174
7467637461636363
6367746167676163
7463676374636761
6774616763676761
6374636363676363
6367616174616161
6763747461616761
6767637463636167
6774676161746763
7467637467637463
6174676163616763
6367677463617463
7463746167676163
6374746167616167
6374676763616167
6363676374746774
6174616163636767
6761677461676367
6167637467616361
6767616361616163
6367616763637474
7474676367616774
6774676174677461
6374676374636774
6361676363637461
7463677463676767
6363746167617467
6367677463677461
6163637461746774
6174676163637461
6163746163677463
6163676374636374
6761636167746763
7467636363637474
7463616367746774
6763637467637461
7463746361677467
6174676163677461
7467637467617474
7474636163616374
6767636763636374
6167636163636167
7461676161636767
6161637474676361
7467616167677461
6767677474616761
6161747463677474
6163616767636161
6363636761746767
6161636161747467
7467677467746361
6163746174746374
6774636361676167
7467677467637474
7461616361617474
6761676367636374
6767616767636761
6774676163637461
6767637474636361
7467746363746761
6767616361676767
6367617467677467
6374617467616163
6774747474636763
7461676774616374
7463636367616167
6774636161636374
6767637463637474
6361636163636763
6367637463636374
6167746167616163
6767676361746361
7474677474616174
7463617461676363
6161676161746163
6161616361636761
6174746161746367
6774617463636374
6167617463616174
7461617474676374
7463676167676767
7461616374747461
7463746767747467
7461677463636767
7474616161636774
6367616174677463
6763676161746167
6367617461616174
6163637461676363
7467747461636367
6367676763746163
6761746174637474
6361676161676363
6361677467617474
6361747461617461
7463636163636174
6174676161676367
7467637474616174
6174636163636174
6174616174676763
7474676167616374
6167676361616174
6763676761616367
6763636761676167
6367746167636763
6174616174616161
7467676367637463
7474746763676161
6167746374747474
6361616767746363
6361616374617461
6363676167617461
7463676761616174
7463676163676763
7467746161616763
6763746174746161
6361677467636167
6174637461616163
7461746374636163
7461676763617474
6761746774746161
6374746774636363
6361617474746763
6761616367636367
7463636167677467
7474636367746174
6363636367747467
6767636174616361
6161747461677474
7461616767636174
6163746374746763
7461746163636374
6374746767747463
6761616367617474
6163676163637467
6361616774746374
6167636161746174
6367636761676767
7461616167676163
6763677461636161
6767677461637467
6763617467746774
7463677474616763
6361676161677467
7463636761617474
7463636774636161
6161616374616161
6174746374616363
6161676167676774
7474676163637474
6363637463677461
6163676161677467
6774617463636767
7474637474616767
6367746767676367
6774676367677474
6363616163616161
7474636161746167
6767617461676361
6367746167676774
7474616174616761
7463616363676174
6174636761616161
6363676367636774
6374676167616767
6367746163617463
6174746363616361
6374636774676174
7463636361636367
6774636367636163
6363676167746363
6367747461616161
6374637474616761
6163746767616763
6761636761746361
6163747463677474
6767637463676763
6363616363616161
6161746167676763
6761636167616361
6761747461636363
6761616767746774
6763676363676767
6374616163616763
7467636774636761
6163677463616774
6767616363616363
7474676174636363
6163636174616374
6174636174746367
6167746767676363
6161746161637463
7467636174636361
6174747474746767
6374677474636163
6774746374617463
7461746774616763
6374637461617461
7463616763746361
6761636774616763
7463637467746163
7467636161676761
6174616763637467
7461616774746761
6363746167746161
6761676363616363
7463677467676367
6167616161616761
6767616774746367
6774636767636763
6363747461746161
7467747474676761
6774617467746167
6174746363746163
6363746167677467
6761616374636763
6374616774636774
7463616361676361
6761636363746367
6367747467676374
6361677461636763
6374747467616361
6774746763636374
6367636161636774
6361677474636767
6761636767746374
7467636374746767
6374636174616374
6363617461676174
6763616174636763
7474746367616361
6763676761677467
7467637467676774
6167676363747467
6374636167746174
7474636161616363
6367636174616767
6367676174636761
7461746167636763
6761617467636174
6774616774616374
6361677467676774
7463636167636374
7474746767616774
6761636174636161
6767617467676774
6767746367746763
6774676374746767
6374676163676374
6774677467676163
6763676761636361
6174617461746167
6761746161616767
6161636174637463
6767636774676167
6374637461637463
6763746767616774
6163636167746174
6363746161616767
7461636763747461
6174676163637474
6363676167677463
7467636161616161
6367636363637467
7467636363746374
6374676763676767
7461676374617461
7474677463746161
6161746374746374
6363617467616774
6774636767616161
6161617474676761
6763616761746774
6374677463617463
7467616761676767
6774677467747474
6763616767616774
7461616763616374
7467747474676367
7463616763676363
6374617461616763
7467616361676761
6161636774746374
6167676363677467
6161746363637463
7463746161746161
6167636163746167
6774746163636163
7461617474636367
7461746174747463
6163747461747461
6767616367676767
6161676363747461
6363747461636767
6767636774636361
6174676361677474
6761617474616374
6361616374676374
6167617461616774
6367616163746374
7474746763636361
6361637463747474
7463616161676774
6163616161616163
6163616161637467
6361636167746161
6761617463636774
6774636767747463
7461617467636361
7474617467637463
7474677474677474
6367616161746161
6174746174676767
6363636167617461
6167637467676767
6174746161637467
6374746361637474
7467676774617467
6767746363636163
6761616763676767
6361676167636367
6767676367617463
6174677461746761
6363747461616163
6163616367636363
6774616361676163
6367676761636174
6774746767617461
7461746367616174
6361746363677474
6767676361617474
6374616167616761
7467676161746761
7463746767616374
7474636367636367
6767616363676367
6367636367676367
6161676163616767
6363676763636374
6774616374636774
6761636767637461
7474746763676167
7474746163616167
7474746761747467
7461746761637474
6161746363747461
6363616761677474
7467746174676763
6161746174616374
7463746761677474
6167676167636774
6174676367616167
6767677474617474
7467636374676367
6363636161676367
7474747463677474
6163747461636367
6363636174637461
6363676774616761
6361746174636167
6361636361746161
6774677474747461
6161747467746161
7461746374616374
6174637474617461
6774617463747474
6774747474746763
6363746763746763
6167746163746767
7461677467676161
7467636367636774
6767676361747474
6163636767616363
6174616167617461
6363747461637461
6367636374616767
6161746174636763
7463616761676174
6763676174676774
6761746167676174
7467676767676361
6363636774676167
7467617463637474
7474746174676361
7461617474676763
6363616361746774
6367747467746363
6374636174616767
6161746163617467
7461636763636163
6367746767636767
7467746763746163
6767637461616163
7461637467676763
6761616363636374
7467677474677467
6361617461676374
7463616763637474
6763636763746774
7463616363616367
6761636167636767
6161746367676367
6363746763636761
6174746767676363
6363636167676361
7461746163636161
6774636767747474
6361676163676361
6763636374747474
6767677474637474
6163636767617463
6163746761747474
6163636161637463
6167617467676163
6763636167636367
6363616174677467
6761746367676761
6163637463616174
6163677461676361
6774747463676174
6163616767746167
6761636763636763
7474616163616763
7467636774676761
6763746367636161
6374616767747474
7461616167616167
6161617461636763
7463616367747463
6363676174616774
7463746374676374
6763637474746363
6363616374637463
6361746163636167
7461637461616374
6767616763676361
6767677467617463
6374636361677463
7463676174637467
7461636763677474
7467677474616361
7474746763636167
6363637461676374
7461676367746374
6761746767617474
6763676363616163
6367616774676361
6767677467616374
6767617463616763
6167616367676367
7463636374616163
6761636167636163
6761676374616774
6774676361676167
6374677463616161
6363746363747467
6774616163746367
6761747463676374
6163636163616374
7474636767636374
6174617461636163
6161746163676761
6374676761636767
7461746763746161
6167676774746161
6167616363616161
7461746163676174
6374617474616761
6761746767616767
7461637463747474
7474676363676163
6761676163676374
6361616167747463
6367746363617461
6774676763617474
6361617467676363
6361617474747474
6767616767617474
7467636774616363
6163617467746174
6767747461746374
6763676363637467
6367746161636161
6167676167746161
7463746361616363
6174747467747463
6161676174676167
7461616367616767
6363746767747461
6361636174676763
6761746367636761
7467747474677463
6361617474677467
6163636374746361
6163636367676163
6174636163746161
7461636174636163
7461676174676367
6767676361676161
6374616763636767
6363746361637463
6367636374636161
7463677461746763
6361616361746774
6763746767616767
7467616767747474
6763637474616774
7463676767637463
7474616763637461
6767746374636774
6761676761637461
6167677474676374
6767746767616174
6761676174636361
6163636763746167
6374676763636363
6167676363616367
6374676363747463
7463747467676174
6167617463617463
6761676767617467
6367746174636774
6174676367746374
7474746763616174
6167677474676167
6163746361746167
7463676374616363
6763636361636163
6774747463637467
6367676174636374
6763616174676363
6174616163746174
6361616363636361
7474746363616163
7474636774616767
7467636367746774
7463747474616363
7461616767677467
6161746767746161
6763746361616174
6174616774676363
6761616361636767
6363746161746361
6167676163676163
6374747474676174
7461636361636174
6761746761637467
6361636374636367
6367676361676774
6161636361747463
6367637467637463
7463636774746163
6763636163636363
6774636174637474
6367746761746761
6363746361746774
6767746161677461
6167746174746763
7463746774617463
6367676161616367
6363616767617463
6763636167616761
6763636161746174
6761616761616367
6174747461676161
6367616161746174
6763617463747474
6174636374616774
7474616161616161
6767676363636167
6374676361676363
6363677461747463
6761746174637467
6767616367616174
6174746367636367
6761676361636161
6374636774616163
6361636767616774
6361616174746761
6774676363616167
7467747463637463
7463746763616374
7467746367636174
7467616161616761
6361746161746763
6363616163746163
6167616363676767
6374616761637463
6774676774636167
6774636774676361
6161746363747463
6763677474636763
6767746774616774
7461617474747461
6761636374746161
6163746767636767
6767636363616374
6774636174676763
6761636761616363
6763676161676774
7474676167746163
6167677467746167
6161637467636761
7474617474676774
6174746374616761
7474636163636363
7474636163676374
6761617463636163
7467677474747474
6763636763746763
6763636161637467
7461677474676763
6374636767636163
6774616763677467
6367616167636361
6763676374636761
6367616763676763
6361616774636361
6163747461746363
6161746774676374
6163746774676161
6763636361617461
6767616361676174
6774676163636174
6761617474676767
6774636767636167
6767636367677463
6161636167747467
6167616374616174
7467746763636767
6167746761616763
6774636761746167
7461616763636774
6361746763636361
7463637463636367
6374676774747467
6763637467636363
6374636361616774
7461746174746363
7461616761677461
6763746161677461
6761677474676761
6174636361636763
7461676161746363
6374746774746374
6361617467677474
6374617463637461
6367676167676163
7461636374746163
6163747467616374
6774676163616167
6374616163746361
6361636761746167
6361617463676361
6363746767676763
6361636767676367
7467676174676161
6174676374636761
6161636167676367
6761636167676174
7474747461616174
6774616161746361
6163616761636363
6767636763676167
6363746761676374
7463616161746774
7461617461636167
7467616361616361
6763637461636763
7467747474676163
7474637463746374
6374677474637474
6763676367616361
6761636161616774
6763636763747467
6363636767746767
6367636367676361
6167746361616763
6763616367747467
6367616763676163
7474676763676163
6374616763747467
6367636767616774
6767746174677474
6363676761616367
6761747461746163
7463616367616161
6767677467746763
7463637474746767
6167676767636767
6367746174636167
6374676161676167
7474616367636774
6163616761747467
7467676363616367
6167636774617474
6767617463617461
7474616167746363
6774637467676761
7474676774677467
6167636163636761
6367636174636167
7463746767636174
7474636163637467
7467637467746174
6361637474676761
6361636367677474
7467616763616363
6774637467636363
6363747461616763
6374636767677461
6361637461636761
6374746167676374
6374636374617467
7467747463746774
6361617467616161
6374617461677463
6163637467616374
6367617463746161
6167676167636161
6774677474636761
7467676361617467
7461616774747463
7467617467617461
6361616161676363
6167676167636767
7474616174617461
7467636163746174
6361676161616767
6163637474617467
6763616374636163
6361637467617461
7461636761616163
6167676374746361
6763676763676361
6774637463676374
6774746367636363
6761747467636361
7474637461616767
6774616761616161
6367616767616774
6761746767676363
6763746174637467
6367746361616774
6363676167676361
6367617463747467
7474746361746767
6774636361676363
6767637461616361
6161616163636367
6161616174746761
7474677461636161
7461616763616774
6761746767636174
6767636167747467
6174746163617461
6174637463676361
6774676361616763
6763677467676363
6161676761616174
6163617467676363
6363676767636367
6374636363636161
6361616363616767
6174677467636774
6761677463636374
6374676767747463
6763677463676163
6174676163747467
6163636774636763
6174637461677463
7474636761616361
7461637474746363
6161637463616774
6774636761636361
6161676161747467
6161676167636161
6363746174637474
6167637467616761
6363676363746361
7461616767636374
7461676361616774
6167676367746167
6361636363636363
7461747474636367
7474636363746763
6374636167617474
7463676361676363
6763677474616361
6361677461676374
7461676774616167
6774617474636767
6763676374746167
6763747461746367
6763636161636767
7474746367676361
6761636367616161
6363677474636763
6774746367637474
6774746374616774
7461616167637474
6774637467616163
7461636367747467
6767747467616363
6367617463636174
6374676767746761
6163636763746363
6763616761746363
6374616761617463
6161636763746163
7474676174676163
6774636761676367
6763747474637467
6174746767617467
7467637467616361
6763746161636167
6374746363616167
6367677474676767
6774616161676767
6767746361676767
7474617474746163
6763746174636763
6767676774746174
7474676367617461
6374617467636363
6367746361676767
6361616367747467
6367677467676174
6161746161676767
6763676163746763
6367676161616374
6174746763747463
7474676774676367
7461616367676767
6374617463746761
6174747463616774
6174636763636174
6363746363677463
6374637474676374
6374746361676174
7463636763616374
6767676774676363
6763616174677461
7474617474676161
6363746361746361
7461636367746361
6367676767746363
6167616174616767
6767746161637463
6161676374746174
7467616174676767
6367616367747463
6174637461636174
6363676163677461
7463676167676161
7461616374617467
6361746174637467
6361747463746161
7474636763636767
7467636161616761
6163676367636167
7474636361746163
6174616761616361
6167746767677463
6363677461747474
6163676167677461
7467616163676774
6174676774616774
6767746367636161
6161676363636763
6774676774636174
7474616374637474
6367677461616167
6774676761616167
6174616361676163
6761746363636367
6361637463676163
6763637463676163
6163746174617467
6767677463636774
6161636774616774
6161746363636163
6761677463616163
6367746763617467
7467746774676363
7463676161746361
6774746163636367
6774746163676761
6774616167616361
6767676774637474
6161676163677474
6374676774636161
7461676363617474
6161746767616363
6167616363617474
6174676767747467
6767617467637467
6161747467746774
6763636774636361
6363617461616363
7463746167677474
6361747474747463
6367677474616161
6761676161676763
6774676167746374
7467746767676774
7463746367676367
6174617474616167
7461676361677463
6761746761676367
6167676374746761
6767617467636363
7461637474636374
6763636767676767
6367747467676361
6161636161636167
6374746161676763
6774676767746367
6763637474616167
7463676163617461
6361636163616361
6361677474676761
6761676367677461
6167747467616774
7461636363676367
7474676167616363
7474616161746167
6374616363746161
6774677474746367
6167676761677461
6161616167636174
6767637474746774
6767616361616167
7463677467636767
6161746374746163
6361676374746761
6761676367616161
6774636367676367
6363617463637461
6763746167676774
6367746774746163
6161676374746767
6761616361637461
6774636163676161
6163616774617461
6767636361636774
6167616761677474
6763637467637474
7461746167746167
6763616363746761
7463746774746174
6767637461636361
7463746761616763
6774746167617467
6767617474746774
7467616361616163
6363616374636363
6763676374746367
6774676374616161
6774636767676167
6761747461636774
6163746174676363
6363746174636161
7463616363746763
7461636774676174
6161747463746367
6761676361616774
6763617467636374
6163747461617474
7463746374616361
6161676767746367
6367636374617467
6163616767676163
6361616363746161
6161637467617474
7463616161636167
6163616367636374
6761676174747461
6363616367676163
6374617463676163
6763616763746774
6761636774617461
6363676374636761
6174616161746361
7474616163676767
7461636374637474
7474616774616767
6761676363676761
6367746363636774
6767637467677461
6161636363617474
7463616374636367
6161636174676361
7461636767637467
6367637461746361
7463676763676763
6163636761636361
7474616367746763
6761746374676774
6161746761676163
6763636167746763
7463676167676174
7463617463616774
6161746161746174
6167616363636363
6774616163616363
6163616163616763
6767746363746374
6374677463676167
6374616363746363
6161677461616761
7467616763746163
6363616363676167
6374676767616774
6361677463676363
7474637463746361
6174746167746174
6774617461676363
7467617467676363
6161636761636174
6374676363746774
6374636174616763
6763617467637474
7474676774746763
6763636363677467
6174746163676163
7463616774746167
7461637474617463
6361616763637463
7467636161616374
6363746763746367
7463636774616161
6774746363746161
6374676774617461
6367677467636174
7461676767677461
6363617467746761
7474636367636161
6767676761637463
6774617463637461
6767746767616761
6161617461636767
6161616163636361
6763747461616774
6363617463747467
6763636163637467
7474636363636167
6767746174747467
6361636763746161
6761636167616174
7463616163677463
6367746367746763
7463636761676761
6367616767747463
6767616763676761
6767616367746174
6363636163746374
6367636374616167
7461616167616763
6363616774676163
7467616161637474
7463676174747461
6363676361676363
7463636767616761
6161636367616174
6363746174637461
6767676761616767
6174676367637463
6374746367676163
7474636163676367
6374616367637474
6174746767616367
6167676774746363
6167616167746767
6367617463747463
6363747461636761
6374637461676763
7461636761676374
6161676174637467
6163636174746374
6767617461747463
6367636161746374
6774746774746761
6167676767636161
6163676774616774
6367636374616161
6167616167616367
6774637463747467
6363677461746767
6363636774676374
6761617463676361
7474747467637461
6763746174676767
6163747474747463
6361616761637474
6767676174637463
7461616763616161
6774676767636374
6763676363636763
6767616767637474
7474677463636161
6363636767746763
6161746761636774
6163636161636367
6167746363677467
6174616367747474
6174677467676767
6767617463617463
6161617463637463
6367636767676174
6767616763676367
6363636167746763
6167746774676363
7461616763636161
7463746763746374
6374636163636167
6161676374746761
6774677467636163
6161746161616363
7461746167636767
6767676174746161
6161636363617463
6774746367676163
6361746167676174
6767746767746167
6761676374746161
6167747463617463
6163637463636774
6161616167676774
7463677467746374
6761746763747474
6763617474616361
6767636167746161
6774636367746161
6763746174746363
6374677463636367
6774747461636174
6363676367636767
6161616774616163
6761747461676374
6763677463677474
6774746361746163
6363616367636774
7467676774636763
7474747461676761
7467617474746363
6167636361636363
6774746767676761
7467616167676363
6767747474636167
6761677463616774
7474616763676363
6174616167636361
7461637467617467
6167746363676763
6167616761616174
6363677461636363
6174676774636167
7467637463617467
6174747463746767
6163676761636763
6774616167746163
6161617461747467
7463636174616367
6167616761677461
6363677463616774
6767676367636167
6774616361677474
6167746361676363
6767636767747467
7461616374616363
6763676374677467
6163676774676374
6367617461616761
6167676761676774
6767617461636763
7463636767746167
6361616767747474
6774746761746367
6361636761636163
6161636774746167
6161746774746174
6161676174677461
6167636174616767
6374636767677467
6763636367616167
7474746763677463
6161677467617467
7474617474677474
6174636363636374
6361746761746167
6361616167676174
7474636161617461
7463746163616174
7461747467746774
6763676361616774
6174747474636161
6161747461746374
6367616767677461
7474636767676763
7467617461636367
6361746763676367
6363746763616361
6374616763746367
6774617463636174
6363746161676774
6767616774746174
6774616161676774
6174616374676363
6163636361637467
6174636774636161
6167617461677467
6774676161636761
6361676161676367
7463636361636761
6167746763676174
6763636161637474
6774677467636767
6767676774747461
6163616774746167
6363746374636774
7461676161676361
7474616174676774
6163617474616161
6361746163616767
6174617463616161
6167676763746763
7463637467616767
6767636361637461
6363676361676761
6767676367677467
6367637463676163
6363676761746774
6163616163746767
6761676761636774
6374636767747467
6761636161616163
6363746174747474
6361636161636367
6761676367676761
7461747461676767
6761636367746161
6763636774677467
6163747467746363
6774676174616774
6774616374616367
7463616763747467
6363617461677463
6161636161616374
7461617474746374
6761636174746767
6761637467616374
6374746774676363
6374676767676374
6367677463636774
6363636367616763
7461676174676167
6361747461636767
6374636363676761
6761746163636367
7463616767636761
6174747463746774
6361747474616363
6367616763616767
6174637467616374
6767616774677467
6174636761617463
6367616767636767
6167746761616161
6361746363616163
7461676167677467
6361636161636363
6363616363746163
6374677463617467
6761676163746761
6767617461636767
6774746363616767
6174747463676174
6361677463636174
6174637467676363
6761636163636163
7463636361636767
6767617474746361
6367616774616763
6367747463616761
6163636761746174
6367636763616761
7463616174636174
6161616167636361
6761636761636174
6361637474616167
6161676361746161
6774636763746174
6767676374616174
6361677474616167
7461746761677463
6174746174616367
7463636761676763
6374637467676363
7463636367676767
6174617461746363
7461746767676774
6367676763616174
6163676363746367
6174636363676361
6163637461617463
6363677467636363
6167747467616361
6767676361676374
6167616763746761
6767676767676761
6374676363676174
6361676367677463
6161676374616161
7467616363616361
6361636367616161
7461747474746767
6367747467746763
7467636774677467
6774746767637463
7474616174616163
6367636774636763
6767636774676174
6774636763676367
7461676363616174
6761676161677467
6363616763637463
7461746363746367
6174676774747467
6367616761616367
6174636767746774
6767636363677474
6363636161746174
6761636774616174
6763617463636361
6363616367616167
6374636174676761
7461636174676767
6763676161747463
6167636161636774
6174677461616361
6761747463747461
7463677461676363
7461676163747474
6361636374676161
7463676163636767
6161637461636161
7474676367636163
7463677463636361
6361676367747474
7461746763746361
6374676763746761
6161746361746363
6761636161616763
6161746767676763
7474616774676161
6363616167636767
6163677474746163
6161616161677463
6167636374616363
6374617474747474
6163677474636761
7474616174746774
6374747474616167
6767676761746367
6161636361676167
6174636367747461
6167746361746361
7463636363676367
6174616367677461
7467676763636761
6174747467746774
6363746367676163
6761676363677463
6161746363636161
6363746761636763
7474746374676161
7461676367636761
6763746761677461
6367676163616761
7463677467636761
6361747474747474
6761617467636163
6761617467746361
6767676763676761
6167677461636374
6167746174676174
7467617467636361
6367746363637463
7474637474676363
7463746767676767
6174676767676363
6374637461676167
6161676161617467
6174636367676763
7467746363616161
6763747463746761
6763676767616161
6767616767746163
6767677474746763
6174616361746774
7474616774617461
6761636374676163
6361617461746363
6763676763677461
6163746161746361
7461636361676367
6774636361746374
7463747474616163
6163637461616774
6163676367617467
6374746761636161
6363677461746174
6163616761676167
6161636161616767
6774676363676363
6774676361636363
6367616163616774
6761676167616374
7463636163676367
6761616161747461
6167616763637467
6361636161747461
6363636767676767
6363746161616363
7474746161676761
7461677461616363
6761676174746374
6367617461617467
6163636161746161
7467637463746361
7467636763616363
6767636763616374
7467616167636774
6163747463676774
6761676161637467
6774616363616174
7463747461636174
6163746363746163
6761677467616767
6161677474746361
6774636367676774
6367746167616374
6361746174637474
6767616761617461
6374636767616361
6363637461636361
6174746767677461
6363617467637474
6367677463746361
6363636761616163
6174746763636767
6374746163636374
6767616174616163
6161636774746763
6367676361616167
6167636161677474
7463746167637461
6367677461746774
6361636363746174
6367746774617463
6174746361746767
7474616374676161
7463636374637474
6763676167636767
7467636361746361
6763747463747467
6174637463676374
6763616161636367
6761676767636763
6774676763747474
6767616161617467
6167616761616767
6163747474746161
6363747463616161
6174676767636167
6763616167637461
6774746761676763
7474746367616163
6767636761677467
6774676374676367
6167746367616374
6767636763616761
7461677467746361
6367617467676363
6763676361616361
7474616763636167
6174617461676763
7474747474636167
6367747461676761
6774746161616361
6763616363746367
7474677463746767
7467746767616163
6163616167746761
7474747467746167
6374746163746367
6774636761746767
7467637474616161
6374676761637461
7463677463637461
6763746167616167
7461637467637463
7461637461636167
6767616174676163
7474746374676163
6774746367636167
6363636367746761
6761616361676374
6374676761746761
6361676361676374
6774676767616761
6363637474617461
7467636163636374
6761746167676361
6163747467637461
6767676367616167
6163636363747467
6374616767616363
6163616774616361
6174616763746363
6767636374636763
6174617461616163
6363636774676761
6374676363747467
7461746161636767
6374676761676361
6374617467616761
7461677463616361
6763616167617474
6374677467637463
7463637467636767
7463676763676774
7461636167636163
6774746361677461
7474746174637461
6361616367746167
6167746774636361
6361746161616367
6163616761636761
6367637463616761
6761676374676374
7467676163746167
6763677467746161
6367746163747463
7474677461676167
6367746767747461
6774676161676374
6761747467746761
6763746167616774
6163676363676361
6163616767676761
6161747461616767
6361636767677463
6767676163636363
7474676363746767
6361616367616363
6763616767616761
7461616763746363
6163617467746363
6163676767616174
6374636363746761
6363636361636363
6761637463676374
7463746163636363
6163677463616361
6763746374676174
6761677461746774
6367677461746167
7474677467637474
6161746174637474
6161677467676763
6167676761746763
6361677461747467
7463746363616367
7461616774636161
6767746367617463
7474636163617463
6367616761746363
6763616761676161
6763616174676761
7467617461746174
6163637467636763
6374746174676161
7463616167636367
6163676763616767
6774636174616767
6767677467617467
6361637467636374
6774746361676774
7467747474746774
6361636163676367
6163636363676767
6774636163636763
6167676167617474
6763616363676763
6761746163747463
6374617461636763
7467676774616374
6374677474676363
6774746367636361
6767677463617474
7463616363676361
6363636163746767
6774747461616774
6367676763637461
6763746367677467
6767616363616167
6161637474636361
6361747474636763
6763617461617467
6367746374637474
6761746367746774
6767636774746167
6361616163636163
6163636361616761
6767616761746367
6767746174617461
6163636763617467
7474616774616774
6363617467636161
6763746174676174
6163677463747474
6374746161746367
6774616767676174
7467636774676767
6161746174636774
6163637467746167
6167676163616163
6174616374637461
7467636161747474
6763677461616374
6174676363746161
6167636767616774
6767746767676163
6763636367676374
6361616767746763
6363746361676763
7463746161636761
7461616363677461
6363746161747474
6761636763637467
7461676163747467
6367746161747461
6761746763636374
7463746161636763
6167676174747474
7463676361746763
7463636774636174
6767676367636163
7461746163676761
7461746763636761
7474746367616761
6361676361636367
7461636161746767
6767746763677461
7461676774746761
6774616767636374
7474637461636361
6367676361636767
7461676774676374
6763746361746774
6761636763747467
7463746374746767
6161617474747467
6174636174636163
6361637474676363
6174636367676167
6363636161616361
6374617463617461
6763617467616363
6374677463616763
6367676163636774
6163746367616167
7463636174616363
7474617467746161
6374636374746174
6367616761636767
7474746161616363
6161636167676374
7463616363746174
6367746374747461
6367636163636174
6363636161676763
6174616363746763
6774617467746767
6174746763636361
6374637463747463
6163636163676363
6774636767616367
6174747461637463
6763746374617474
6363676767616774
6763676363746374
6163617463676767
7461746761616161
6163616163747463
7461617463677467
7461616367746763
6763676763616174
7463636374676367
6374636161676367
6774746174636761
6163747463636374
6161637463676761
6163616763746761
7461616174746163
6363676163616767
7461676367617467
7461677461636163
6363616763636174
6363616767616767
7467616774746774
7463676174636374
6167637474616767
6174617467616761
6374636161636161
6763747467616761
6361676367746774
6763636174676763
7474637463636774
6163677467637467
6161636761637463
6163677474636161
6174747474636767
6363616767636363
6161637461616167
6767616763617474
7467636167676361
7461746774636363
6767637463677467
6361636363637461
7461746361676761
6374676767746763
6761637463616361
6163746163636767
6161636161677467
6763616374746767
6774616763746767
6767747461616363
6174616761747461
6163636167616161
6174676374746363
6374676361746161
6161677463746367
7463747467617461
7467616361617461
6761617461636361
6774636367676161
6174616167617474
7461637474746761
6374746761676163
7474676374636163
6174616363636363
6774677474676763
6363637463636367
7461616163677467
6363616767636774
6767677461616167
7461616774636163
6161676361747461
6767746363616374
6361617474616361
7467616361677467
6361747461617474
6174616361746163
6163676163636767
7467636161676367
6161616174746763
6363616774676374
6374677461636763
7461677467636361
7463676761616374
7474617467676174
7467676163616374
7467616763676761
6361636361616163
6361746174636767
6363676763677467
7461746374747474
7461677461617467
6374636767616767
6761636774747463
6174676361617461
7463746363617467
7463746774676761
6363676761617463
6163676774636163
6163746161676174
6361616361637467
6361636363636767
6367616767616174
7467616767746361
7463616163747463
7474616367677461
7461676161746774
7474676761746767
6767636174746367
6174676774676374
6367746363746174
6774617463747461
6174616774636774
6361636163636161
6174746361636761
6763676767746761
6363676774636163
7463676167616167
6363616361746174
6163746367746174
7474616174616361
6763676161676374
7474746763617461
6763676167676174
7463636167636367
6374616174747474
7463676161637474
6361746361746167
6363617474677474
6174637461746763
6374676763636767
6763746161616361
6361676367676174
7474676174746174
6167636363617461
7461746174676361
7474636374747467
6763676774747474
7461637467746761
6761746774616161
6367637474616163
6161746363617474
6161746363746161
6774677474747474
6774616361677463
6767746161677463
6374636167616367
6763746363616374
6374636374747474
6363676374676761
6361637467616767
7461677461746163
6374677474636374
6167616161746763
6361746761747467
6361677463677474
6361616163676163
6363746374747461
7474677463637467
6367676161617463
6361617461746763
6374636767676767
6161616374746767
6763617474617463
6161677467746163
6374747474676767
7467636761637474
6767747463636774
7463616367617461
6374746767616774
6774747463746174
6767676761676767
6167636174677461
6167676774636174
7474676167636767
6161636774636361
6763676161746174
7461676361617467
7467746761637467
7461636763677467
7463746367676774
6374637461746374
6761746163616374
7461677461616161
6163636774676361
6167637461746174
6374636761746761
6767746374746761
7463676167636374
6361617467637461
6374746767636174
6761746167676774
7463747467637463
6761616374636161
7463616363676774
6361637463616361
6763636374746174
7474617474636363
6761746163676361
6161636367636774
6163747461616767
6161676763746763
6767746367637463
6163677463677461
6367616763676367
6367636367676763
6761676363616161
6167676374616167
6161677474616363
6374676363746767
6167616367636363
6361616763636163
6367746767616161
7463617474636161
6767676163747467
7463746163676774
6361746363677463
7467746761676167
6361676367747463
7467746167636763
6361746374746361
6361747467636161
7467676163676761
6767676161617461
6763746374616163
6161747474636767
7467636167676163
6161747474616767
6761746774676767
7474746367616374
6767636161637461
6367616163746363
6174677463746374
6374616174676361
6367616374637463
7463616361617461
6161746367616374
7463746774616361
6167746767636761
6161676374616763
6367747467636361
6361636374746761
7463617461616167
6363747467676761
7474636763617463
6361617461677461
7461636363617463
6367636361746363
6774636763747467
6767636761636767
6763746363677463
6163676361616174
6174746767636367
7467636363746361
6774636367676363
6763637461616763
6174746374676163
6174636174636374
6374746363746163
6163747463617463
6767747461617467
6761616761617461
6163746774746163
6163677461746761
7474746763676163
6763636363616774
7463676163746763
6163746363637467
6367636367676161
6163636374676763
7463637467636361
6161616163616767
6161636174677461
6774616767676167
6763636367616363
6163616167616763
6774677461677461
6174636761616774
6367746763746361
7474636761617463
7467616774636774
7474676774676363
6763616367677463
6763616163677467
7474616374617463
6761746174746763
6363616363677461
7467747463616174
6161676774616374
6374746774676161
6767746763746161
7474677461747461
6367746374746763
7461746363616774
6774676367747463
7467676374617474
6761616174746161
6374676361616767
6767677467746167
6363616367676363
7463636763676367
6367747461746761
6167616163677463
6374676374746761
6174676363636761
6174616174617474
6167616761676161
7463617467617461
7474616163616161
7461746174636761
6374637474616363
6163617463636361
6361677467636361
6763636761617474
6161747463616167
7467616363616767
6361746763616767
6361617467636163
6163636774676161
6163746761676761
7474746363677463
6161636163676167
6367747461746763
6767746361636763
6167636363746361
7461636374616363
7463747467636763
6167746174616174
7467616361637463
6161637461676363
6374747463747467
6761747461636761
7463636367676774
6767747467747463
6167637463617461
6374746361746163
7463616363676161
6763746774746761
6361616774676374
6161676374617474
7474616361637467
6361746367636363
6167676361677467
6361676374617463
7467746167616163
7463676361637474
6167677467747467
6774747474636161
7461677467636367
6374616767636163
6763616361676361
6767636161677474
6374676761616367
6767636363637474
6367746761746174
6167616774676767
6163616363636363
7461636161616367
6167616161746774
6363616163676767
6767676361746363
6763616167747474
6167676761636367
6761616761746167
6367676767616174
7467677461636374
6167747467636161
6163747463746361
6761677463636363
7463636167676774
7474676161676367
6374676761746763
6763676161636167
6374616767616374
6163676361636363
6174616363676374
6161747467636761
7461676374746767
6763636174676361
6374636363676174
6763746361746161
6767617467637461
7463637463676761
6367746167637474
6361746167616161
6161676161636367
6767636774677461
6361617461616767
6767616161677463
6767617474636761
6761636374676767
6167676774746163
6163636367677461
6774636163617467
6361676361676763
6763616761746761
6767676367676161
7461636361676767
7474616367677467
7461637463746174
6361746774676761
7467677467636767
6767616761676163
6174616767676167
6763616161676774
6161676174746367
6367747463746767
6767616374746361
6167637467676363
6767636361636767
6367676174676367
6163636767747461
6761616161746163
7461617463616774
6163616361676167
7467617461616163
6767746763677467
6163636163676174
6763746163746361
6361677463616161
6163616361746163
6767746167617463
6763746363637461
6361746167637474
7467616161636774
6174746361676174
7474616167616374
6761617461676361
7474616161747461
6761616767616374
6763617461617474
6774676161617461
6163746767636161
6363616767636761
6161637467677463
6161616361676367
6763677467676774
6367676761746167
7461746361676363
6161636363676761
6774676163616774
6361746161636363
6361636374676163
6367616767676167
6374616763746163
6774616767636761
6763617461746763
6761746767676174
6363746374636761
6163616163746763
6374636161746361
6167636761616161
6374677474637467
6361616374677474
6774616161636374
7463616174746761
6761746163636761
6174617467637474
7463637467636174
6363636361616774
6361617474746174
7467617461636361
6761676361746374
6374677463677463
6361746163616763
6767747474616761
6763617474637474
6161746161746761
6167636361746174
7467636367746174
7474746174676363
6774637467746374
6367746167636363
6361746163616361
7474616374636367
6774636361746763
6363676767617467
6763676774746767
6767636163746763
7463616763637461
6363746763616763
6174616374636163
6374616363616163
6167746761676763
7463676161616363
6763637461676767
7467746363676161
6774676361676763
6374636763616174
6767637461676174
6774637467616167
6367746174676163
6761637463637461
7461617474746761
7474637467746361
6761616774746374
7467746761676767
7463746767616761
7463676763746174
6367636367746163
6361637461636163
6761637474747467
7474616161676361
7467616367636761
6761746163637474
6367637474616161
7467747463616761
6774747474746167
7474636774636774
7467616761636361
6767747463616363
6763747463616363
6163677474636167
6363636774616167
6763676374637474
6174636361616767
7461746763676161
6761746774616167
6763676767617474
6374616761636361
6774617463616763
6774677463676761
6161636374676774
6367636774677463
6361616363747463
7467677463617467
7461676363747467
6363677467676174
7467746361747461
6374637467616161
7461637467747461
6767636174637474
7467676361747461
6374616774616174
6174676374636161
6161677461617474
6774636374616361
6363616761676361
7463747467746161
6774746767677474
7463637474746167
6363617474636367
6374676374676367
6363677467617463
6763616767676767
6374746761746374
7467637461746174
7474637474636374
7474676161747467
6363616767616761
6763617463747467
6774746763617463
6361617474677474
6374616363746163
7474616761636163
6761636161636161
6361616767636167
6363746361616163
6774636761746174
6367617461637474
6163636374636361
6167636363616774
6361636367676763
6774746163746763
6361637467636767
7463636767636161
6167616363746761
6163616174616174
7474746767616167
6174676161636763
6763636163676361
6163746167617461
6167676167747463
6361617461677474
7461617474616767
6161616767677461
6767617474636361
7461747467636774
6363616363637463
6167676761637463
6767617461616363
6774676167676774
7467637474677461
6367616774617463
6163746167676763
7463677474616167
6763746161636767
6174616174746374
6163636363677463
6167747461676374
6361636363746374
6163746374676161
6174636161616774
6367636167746167
6174636774616163
7467636767636167
6763636367677461
7467636374746163
6767637467637467
7463636761637463
6767616363676774
7474637467636374
6761616774616163
6361747463676161
7461747463746374
6374747467677467
6163676363616761
6167676361747463
6361616367636774
6174746763616763
6161746774617467
6174676774676167
7467617474636761
6767676774746161
6367676161616163
7463747461636363
7467636767746174
6767677467637461
6161676167676767
7467676767746363
6161676367676763
6374747467636167
7474616174676374
6761636163747467
6361677474616163
6763636374637467
6174637461676161
6361616767637463
6174616761676363
6361746367617474
6167676763676363
6174746167676163
6363616767746361
6763746763636174
6174676174676767
7467636361747474
6374617474637461
6367636167636163
7467746161636367
6363616363676361
7463637474636763
6161676761637474
6774676761616767
6167616167617474
6174636774616363
6367747467616767
7474636767677467
6163746367616367
6161676374616363
7467616174747467
6763746767676161
6161676163617461
6361636174676367
6367637461676167
7474747461617474
7474747463636363
7467676167747463
6774746374616163
6374676363636374
6163637461616761
6374746361676374
6363616367746163
6367616761636174
7461676361636763
6761746761746174
6761746363636774
7461636763616163
6161746161616163
6161746161616774
6374636174746763
7461617467636767
6367746763617463
6161676774637461
6161636361636367
6363636763676174
6163746374746161
6167636361747474
6367746767637467
6367676367636761
6763617463617463
6361617463676174
6367637461676774
6774677463676767
6774676361747467
6374636174746167
7461616763676167
6763676774676361
6767746367747474
6163617474616774
7474676761636361
7463616163677461
6174676374616367
6763676774617461
6374676374636161
6761676361637463
7467746174636161
7474676761636374
6761746374637467
7474676161617474
6163616363616374
6767616161746363
6374636361616761
6763676167746774
6374676174636767
7467616367616761
6161676774746374
6367637461676174
6361617463636161
7474746367637461
7461746761746763
7474636161746361
7461616763746767
7474676761677463
6163616763636763
7463676374676363
7463616161747463
6367616374616761
6767636163676167
6167616174616163
6161636374677474
7463616761616363
7463616167747461
6167746774616167
6761677461616374
6167677463676174
6163616767746767
7461616174747467
7474636161636767
7461636767746174
6774636763746761
7463747461676167
6367746763746767
6167746363636174
6161636767676774
6767637474676374
6763746163636774
7463746774617461
7474676167636174
6167616774676774
6361746374637467
6161616167746167
6367746363616174
7474616363746163
6374616767617463
7463616763616761
6761677467677463
6367636174746161
6363676361616774
6163676761746361
6774676763677467
6367676367676163
6363746774676163
7463747467616163
7463746161747461
6374616763746763
6774616174616767
7467616761636761
6761676367746163
6774617467747467
6761746374747461
7461676767636167
6761617461746163
6761636374637474
6763747463616767
6767676174637461
6761616761636367
6167636167616174
7474676167616163
6763616361637474
7474617461677461
6363746167616767
6761616767616363
6167746174747467
6161616763617463
6174637474746761
7474676363747474
6167746174677467
6161746163746167
6367616174676361
6163746161746174
6774746367676763
6374746761676174
6374676374637463
7461677467616774
7463617467676174
6361676163616761
6163617461617474
7467746761636367
6174636363636363
6167746161746761
6761676161746361
6774746167636167
6774747467637461
6167676367637467
6367617463746367
6761637474616361
6763636763636767
6174637463616367
6374636374747463
7461676174617463
6761746363616167
6361636174676774
6163746774616374
6167676774746367
6361676763746167
6167676361636774
6161616367616774
6167746761746367
7463636163637474
6167747461636763
6374746374636361
6767746361747474
6161616167616167
7461637463676761
6174746763637474
6174637463677463
6174676167676774
6361747474636363
6167676774616363
6361746374677474
6363746174616361
7467676167636361
6374636774676761
6361636161636163
6774747463616774
6361636761617461
6374746774676763
6361617461676163
6161636161636361
6374617467636361
6774616167747463
6761636774636174
7461746767636763
7474676161746767
6363746367747467
6167616167616374
6161676363676367
6767637463746161
6163636767676161
6763746374616174
6161636774637463
6774616761746161
6163676163616374
7467637463676174
6374636367746374
6774636374616167
6174746763636363
6363636774616161
6161617467676763
6363637461636774
7474617463616361
6767677461636167
6774637467676767
6161746174746374
6774637467746767
7461746367676367
6363676161616374
7463676361636163
6367746363616767
6767616374637463
7474616174676167
6167636374676161
6767746361617474
6774636174676367
6767746174676374
7467676174747467
6161746374677463
6161636361616374
6167636767616161
6361746767677463
6363636367636361
6361677474616767
6361637467616363
6174616361616761
7467676161676161
7467676167746174
6161676761746761
7467636761616163
6774636767676767
7463746361677463
6774676763616161
6363636361616767
6761746774746763
6163746761636767
6161636174616363
6763636374616763
6761616767746374
6367677467676774
7463616361636374
6763616363746361
7463636363746774
6361616167616767
6763746363636367
6161676761676763
7474746161676767
6174616763636763
6167616361747461
6361617467746374
6363636774636174
6774746767616163
6174616167636774
6761636774746774
7474676361636761
6767676763746174
6763746167676767
6174677467676763
6763677474616374
6163636363746367
7463616363636774
6761746761636374
6367676174616767
7467676163747474
6374676374676763
6361676374746161
6767616767676167
6361746774636774
7474636763676761
7474637474637463
6174746767637463
7474636167636767
6761746363747474
6761746174616361
6167616163676761
6761616761746367
6367636367676767
6174617467676361
7474617474636167
7463676361616363
6361676761676374
6361636763676167
6163616761746763
7474616761636367
6761636167676167
6763677474617461
6174676163616167
7467677463676163
6167637463746767
6167617461616161
6363636163636163
6161676167676763
6167616774746174
6363616163746767
6167636161636363
7474676374676774
6374636361616363
7467676163636161
6361676167746361
6761616367616774
6374616367746163
6767747467616367
6363676161637461
6367616163746367
6161676761636163
6767616767617461
6174617463616163
6363676767616767
7474616767617467
6174636767617463
6374746167636167
7467616763636167
6363637463676167
7463677474677461
6761746161677474
6367636167636167
6361636174747467
7474636763616367
6163636163677474
6761676767746763
6174676174616763
6767616167637463
7474636763746367
6774617461676761
6167637463616161
6367617463677467
6374617474636374
7463636167636767
6374637467676174
6361746367616361
6374747461617463
6361746774616361
7463746767676361
7467636763616761
7474676161676374
6363617461636774
6367636767746774
6163636367747461
6361636374636761
6363636774746774
6167636763746774
6167616167617467
7467746174746163
6161746767636763
6163636361747463
6774636174677474
6163746361636361
7474746161617467
6763636363616767
7463676374747461
6767617474676163
6174616363746174
7463746174617463
6761636367746763
6161617474616167
7474636161617467
6174636363617474
6167746763676361
6174747463636763
6363677463676163
6161746367616761
7461676774676163
6767676761616361
6174677463616174
6767616163746167
6774676361677474
6167747474617467
6374636761636174
6161637461636763
6363676767676161
6167636774747463
6161617463636161
6363616767746763
6163746763676167
7467636161617467
6167677467677461
6367676367637463
6361637461676763
6763747474616363
6374677463636774
6363746174676174
6761637474636761
6163676761616361
6363617467636363
6163746774746161
7461636761676363
6174637474746374
6174676761617461
6374746767616174
7467616774616163
7467677461636767
6361676363676167
7461746361677461
6374617463617463
6363746774677463
6167637467616363
6774676163616361
7463636774636361
6167676363747463
7474616361636763
7461746761746361
6774616174746163
6174636161616361
6774746374636161
6163747463616767
6163616361676161
7463636774616163
6761746361636367
7467746761636767
6774676163746374
6163676163616767
7467616763637467
7461746163636174
7467746763677463
6167677463637467
7467636167746367
6363616367636174
7474747463746161
6163746167616363
6774616361636763
7474677461676367
6361676374677461
6367747463747463
6761617467636374
6761616361676774
6374617461746363
7467636763746767
6374746363746161
6767637474616163
6763677461676763
6767616761677467
6361746374616167
7467616767746774
6763676761746363
6774676763616767
6363747467676174
6767637461676367
6761677461617461
6174746761677461
7463616174637461
6774746763747461
6763636774746167
6161616361616761
7467676363746174
6161636374746763
6774676167746167
7467636761676763
6767617474676374
7467636174616161
6763616761676763
7463636163677463
6163676161676167
6767636174616761
6163616761616767
7474636174676374
6167746761747467
7467616174676363
7463676367746174
6774616161746774
6761616167746167
6767636763746161
6361636167676767
7474637474676774
7474677467636363
6163616374616363
6361746361746174
7461636767747474
6767636161616361
6763746361746174
7467636361637461
6367746763747463
7474616363676767
6167637467617474
6374616161747461
6367676163636374
6363637467636367
7463746363636161
6374636363676374
7461746367637461
6774617474636167
6763747474636163
6161676774637467
6167746174746761
6763747463616774
6167636167617461
7474677463616163
6161636363616163
6774746367746361
6367636163746161
7463676161636367
6161746767676367
6763676174677461
6161746374616367
6161636367676163
7461676374746174
7463746374616761
6361616167636161
6367637463747467
6367676161676361
6361746774677474
6774746174676361
7467636774616767
6767747461636367
6761636174616361
6363637467617463
7463676161747474
6774676163747467
6363746763616167
6363746767637474
7467636767636767
6367636363677474
6161746767746163
6761676167676761
6163747463677467
6174746763746361
7463747474636361
6363676174676374
6374676761616174
6767746374636363
6363616361636767
6174636167636174
6167746367676767
6763616763677467
6374746767616163
7467636374747463
6174616763746163
7461746161616167
6774677467747463
6767676363616363
6163636174637467
7474636761676774
6767677463677461
7474677474676774
7461616767746161
6363747474676374
6374616167616774
6374747461747474
7467676374617461
6761637461746367
6163676374616361
6374616767677461
7467616767636761
6767746167636774
6763636167747467
6363636161616761
6763746374746363
6361746774637463
6167616361676374
6774677463676763
7467617461676767
7467616361746774
6767676767616163
6174676767676767
7467677467637461
7463616167676363
7463746767616363
6163746761617474
6761676767746163
7463677463676763
6163616167676767
6163637474637461
6374636763747463
6161637461676763
6374636167616174
6361676167746161
7461747463636167
6163636767746363
6374636174616174
7467676361616374
6367746361746774
6361616374676367
6174676761637461
7467746763616761
6767676374636774
6161616163636761
7463636363746767
6761676374616167
7461636374636767
6774676161746167
6174616763637463
7461637474746774
6767636774636774
6161746163676163
6774616167676774
6774637467676363
6174616163747461
6363616761676174
6174636174676161
6767617461616767
7474636367616161
6767636167616174
6174746163746761
6761636374677461
6761676763637461
6761746767676163
6163676767636361
7467636363677461
7461636363636163
6167746374677461
6361636761747474
7463746767747474
7463616774636767
6761677467616363
7474746161636367
6374746774676367
6774616161746761
6367636767636361
6774636363616374
6774636367747474
6363616361637467
7467676374636761
7467637461637461
6174677461616774
6374676363746374
6763677467636361
6767676767637467
6367617463746174
7474637474616763
6767746774636767
7463747467616361
7463676363616767
6763676174746767
7461747474676761
7467746763616763
6361637474616374
6763636361616361
6763637474676763
6374746163636763
6774617474676363
7474676163676167
6374616767617474
6174636367676363
6367676161676163
6374637467636161
6161616161676174
6761636161637474
6161746174746367
6767637461747467
7463616763676763
6161616774676361
6367636161636763
6167617467676361
6363676763746167
6774676161676174
6374676361637461
6161636167637474
6361746361747467
7461746367636361
6361616761616167
6174746367636361
6774616761616774
6767636174616163
6174676774637474
6174616763636761
7474616367636361
6374616161746363
7461637463616363
6174636163617474
6361676774617463
6763637461636761
7463637474746763
7467676167636363
7463616163676363
6361616167637461
6161616767616367
6761676363636774
6767636361676761
7463636763676761
6774616363676363
6361616761617474
6163677474746374
6167616163746363
6761616167617461
7467636761616367
6167746767676767
7461616367616367
7461746774616761
6367677467676361
6761677467676363
7467636767637467
6774616374746161
6374617467617474
6767676167636363
7467617467676374
6161747461676763
7467616363676361
7474746767636367
6374746761636163
6761637463746167
7467636363746163
6767616174676363
6763636363747467
6763637474676163
6363636767746774
7474677467676774
6174636163677467
6163636767746374
7463636367637474
7463617474676161
6367616367616767
6163636767637467
7461636367676374
6367636763676767
7461677467746763
7461616761616367
6761746363746374
6367676774636363
6767676163636767
6374676767616174
6163636361746161
7474636363636763
7463746161616761
6374747461747463
7467677461746363
7461746374617463
6374677461676767
6167676363617467
6763636167747474
6161676367636761
6161746763636761
7463676167676761
6367636761746774
6763747463636374
6763746767676774
6163636167746763
6361677463617467
6363637461617461
7461677463746361
6161616363746361
6763746767637463
6363676167636374
7463636774616767
6161676763636761
6374676363746363
6161746763746774
6167636163636374
6363746361617474
6174636167746161
6174746763677461
7463616367746763
6161636167616174
6174616367676167
6361617467746167
7467746767636361
6161746367636763
7474676374617474
6361746374746374
6361636761676767
6174746761616767
6367676763676174
6174676363676774
6367636161616763
7474637474746763
7474636774746774
6174636374616161
6367636363746774
7463616361616363
7463746361746774
6767677461636174
6174636767637463
6774746167637474
6167616367676761
6761617467616167
7461677461676763
7463616763677474
6761616374616763
6167677474676367
6374677461636774
6363676761747463
7467616761617474
6174746363747467
6174746374746774
6363616167676167
6174636374746763
7461746761617461
6374676161636363
6363616174677474
6767676174676374
6161637467676374
6167676163637463
6761677463636163
6361616367746774
6174636167676161
6763616774677474
6767636774676763
7474676774636163
6374636763676167
6774616163616763
6167636767677461
7461747474637461
7467676374747467
6174616363636761
6361616367636367
7467676161636361
6363746761636161
6774616174636774
6167747474636761
6363617463636363
6774636763636161
6361747461676367
6163636161616763
7461636361676361
7467616363636761
6763617461616367
6167636767677467
6174616774616774
6763746374636174
6367636174746767
6763616761616167
6174746161747474
6163747461746763
6767616367746763
7463636161677474
6174676774636374
7474637467616374
6374746363636767
6774676161746761
6167676174746763
7467636167616763
6774676174636761
7467637474616361
7474636361746167
6374676167746174
6361636761617467
7467617467617463
6361677467636374
6767636774616767
6361747474676761
6163616163747474
6174637463746363
7467637474636174
6767616761676763
6361747474746163
6367746363616774
7461636367636361
6374636167636367
6361636167616361
6167746161636174
6367636374616761
6163617461746761
6367746167746361
7467677463636161
6767677467676363
6761677461636163
6161617467637461
6374617463616367
6167636163617461
6174677461616374
6363676161636167
7461747461616167
6361636363617461
6167616374746763
6361676767636374
6761616761747467
6374676363617461
6361677461636167
6167637467636374
6763676367616161
6174617474677467
6774676161636174
6763616774616767
6767616763746767
7463677463636774
6163636367616174
6374746361676767
6161676163746767
6761616167746761
6363676367676167
6763616767747467
6761637461617467
6163616763637461
6167747463746167
6361747467636767
6374746367676361
6367616374677474
6763636163746367
7463746363636761
6167676167617461
6761616767636361
6374636767746163
7474746367616161
6174747461746774
6174676363636361
6361637461746174
6763616161636774
6163636367746761
6774636361616163
6767746374616761
6363617463636374
6361746774637474
6761676767677461
6374636774616167
6161616374636774
6163616361746363
6163676363747463
6767746761746761
6167746163747461
6163676163636167
6361636367636367
6163746361616163
6763616161636163
7463746163636774
7474636374616761
6174676367746163
7474676767676161
6361747467637474
6767636361617463
6174747463616163
6763677461747467
6767636367636374
6763636163616363
6774746361636174
6367746174617467
6374616167746367
6361616174636167
6374616161616167
7461636167746367
6761747461746161
6761636374616163
6774676763747467
6767677467746163
6174747461746361
7474746774746774
6374616774746763
7463617463616763
7461746761747463
7463746174636761
6163676167636761
7461636367677474
7461636761617474
6374676767636374
6161746374617467
7461617474636774
6174636374746774
6374746367636374
6361676361636363
7463746174676363
6363617474747461
6174616363637463
6761636763676167
6367676163616774
7463747461746363
6161676367616161
6774746161676774
6367677467677474
6374616167617467
6774636761616374
6161636167676761
6363677474637461
6174636774747474
6774617461676161
7463617461676774
7461636167676174
7474676767746767
6767746167616367
7461746774746767
6761616761637467
6174617463746767
6761677461616161
6161617474616174
6167616374637467
6767637474676163
7461676761636767
6763636763746761
6161616361746374
6774636767676761
6167746367636163
6767636774746374
6761676174636767
7461637467746774
7474616367637467
6767616774636774
7467746163637463
6167746767676167
6363677463676174
6361617467746163
7461677474676361
6167746374676363
7461616767746367
6374676363636361
6763636161677474
6761746767676374
6163676163616363
6374616363676767
6161616763616761
6774676763636174
6174616163676774
6361746761616767
6774676161676161
6774746767636367
6163616167636163
6167746374747461
6761636361636767
6161746763676167
7467637463636363
6761636767746763
6367746161746167
6774746163747467
6761677463747461
7474676363677474
6161746174616361
6774637474617474
7461747474676367
7461616763746774
7461616363676367
7463746161746763
6167637463616167
6767676161746163
6163747467636174
6363637463637474
6763676763677463
7461676367746367
6761636167676163
6163616363616363
7474746161676774
6363676767746763
7461637461746161
7474636767616774
7463616767746767
6374677461616361
6161617461746174
7463616367637463
6361677467676174
7461617461636161
6763616361617467
6374677461617474
6363677463746174
6374676167636161
6163637461676774
6767746363676363
6367617467637467
7463676361636361
7461616761747467
6761676763746161
6167676763677467
7474617461676761
6761616174747467
6174677463746763
6367636167616361
6374636761616763
6167616761746174
6761636363616374
6774676367636761
6767617461616374
6367636763616767
7461746174617474
7463616763636763
7467636163636367
6363676374746361
6161746167746174
6761747463677463
6363617463676161
7467746767746767
6163746163636363
6363676167616363
7463746363746761
7467636163616167
7467676174747461
7461676167636367
7463747474617463
6774676774746767
6167636174746363
6763617461746767
6774746367637467
6163616761616367
7474676763677474
6761676363676363
6167676367746367
7461616374636163
6761677463616767
6367617463637461
6174746761677474
6161676363637474
6774676163746163
6167636163677461
6161636767616174
6167677474676163
6374636367616361
6763676767746161
6174636363746161
6363746367616163
